0.889101714788 11 
0.188662706677 01 
0.578852465394 11 
0.842951072096 11 
-0.839599706229 00 
0.269662799372 01 
0.34740142826 01 
-0.779978687519 00 
0.779255907564 11 
-0.407865639904 01 
0.454104515858 01 
-0.766617999016 00 
-0.0511876657918 01 
0.669116800685 11 
-0.913927877128 00 
-0.294995954263 01 
-0.378627922276 01 
-0.815193460393 00 
-0.773221111706 00 
0.0203707293738 01 
0.0335812113067 01 
-0.836041136783 00 
-0.615444124441 00 
0.747696226282 11 
0.116762266645 01 
0.702234956309 11 
-0.729480804975 00 
-0.666394664497 00 
-0.715851032036 00 
-0.23257481928 01 
0.625972719671 11 
0.294665808148 01 
-0.855319342179 00 
-0.858961312002 00 
0.0900293997784 01 
0.333093758515 01 
0.365129653254 01 
0.413270952053 01 
-0.620215407791 00 
-0.40878614847 01 
0.0365936126369 01 
-0.184299473971 01 
-0.560871625347 00 
0.522589084862 11 
0.824588363745 11 
0.624056965709 11 
-0.650843363831 00 
-0.00136333129176 01 
0.525609727908 11 
0.706526151925 11 
-0.819088187798 00 
0.483233224976 01 
-0.973401997021 00 
-0.50348330742 00 
-0.0568876819059 01 
-0.316065192753 01 
-0.323600685025 01 
-0.0145632206799 01 
-0.425399730881 01 
-0.20166838505 01 
-0.142279601142 01 
0.3848021884 01 
-0.344865304417 01 
0.772643745001 11 
-0.289386952283 01 
-0.955642723293 00 
0.718034825848 11 
-0.31720461326 01 
0.16661103155 01 
-0.864020999104 00 
0.0493363369905 01 
-0.293963215667 01 
0.725759273226 11 
-0.726482297393 00 
0.854773350077 11 
0.403832010578 01 
0.499604155536 01 
-0.23958617138 01 
-0.23073341207 01 
-0.616733248382 00 
-0.556477151646 00 
0.034295497774 01 
-0.581320105656 00 
-0.13186679835 01 
0.831306960003 11 
0.450428802783 01 
-0.831892923923 00 
-0.466787631379 01 
-0.503039844527 00 
0.83088848729 11 
-0.398303437135 01 
0.513886128315 11 
0.292633648068 01 
-0.47473193699 01 
0.722788707481 11 
-0.930161589591 00 
0.992038808533 11 
0.345902397924 01 
-0.0248054335455 01 
0.969758046939 11 
-0.609280944429 00 
-0.895119274807 00 
0.165498852253 01 
-0.652852707679 00 
0.611301815058 11 
0.45354799194 01 
-0.501411014085 00 
-0.532857125818 00 
0.653748500056 11 
-0.707691887135 00 
-0.511707425798 00 
0.453573120071 01 
-0.990987221226 00 
0.578391506396 11 
-0.527002286405 00 
-0.838741560482 00 
0.527035925757 11 
-0.0662212081955 01 
0.40539485081 01 
-0.564545199277 00 
0.791676254741 11 
0.217043122099 01 
-0.640822522428 00 
0.438224867896 01 
0.717701365824 11 
-0.875416899231 00 
0.0917715971036 01 
-0.318095216409 01 
-0.718502983113 00 
0.301670892997 01 
0.652767006545 11 
-0.508894182375 00 
-0.496263402468 01 
-0.812146870383 00 
0.902679058533 11 
0.781950895668 11 
0.673850447357 11 
-0.205705507353 01 
0.09203224437 01 
-0.145395145211 01 
0.808658921241 11 
0.178166149766 01 
0.0275394173259 01 
0.940318232808 11 
0.9118944731 11 
0.430875493318 01 
0.438971701378 01 
-0.0944769806145 01 
0.784601468938 11 
0.339188026474 01 
0.397777268231 01 
-0.835398725644 00 
0.109259776984 01 
0.152875243723 01 
-0.58624888904 00 
0.918058483222 11 
0.217781918848 01 
-0.0600984022519 01 
0.0338632524115 01 
0.44475770158 01 
0.877182870093 11 
0.228509876523 01 
-0.918257323011 00 
-0.925098201856 00 
-0.792961898762 00 
-0.192046935993 01 
0.715906295808 11 
0.697909265605 11 
-0.415123785516 01 
0.393224780788 01 
0.990647893011 11 
0.0737208024989 01 
0.715953606352 11 
-0.561187687433 00 
0.0514860113208 01 
-0.640751434551 00 
-0.57698345463 00 
0.57869636822 11 
-0.973515713635 00 
0.794358483737 11 
-0.790016457165 00 
0.476936514891 01 
0.461880015297 01 
-0.297443081076 01 
0.840381770835 11 
0.250474439671 01 
0.82189523063 11 
0.296097579213 01 
0.161752796533 01 
-0.852045960856 00 
-0.502894341907 00 
0.789343281552 11 
-0.90363337318 00 
-0.420396765903 01 
-0.314006950116 01 
0.731865839642 11 
0.840929913379 11 
0.381525356749 01 
0.29351375424 01 
0.326493276794 01 
0.0360740806488 01 
0.956205908449 11 
-0.0295077264388 01 
-0.16778200574 01 
-0.202935646736 01 
0.831577979986 11 
0.519338462081 11 
-0.689147434569 00 
0.127950307645 01 
0.330092860247 01 
-0.533429442096 00 
-0.363666952812 01 
0.376155131531 01 
0.0104473418376 01 
0.86464328848 11 
0.705192464507 11 
-0.377849524425 01 
0.400305284189 01 
0.147684395616 01 
-0.235093249033 01 
0.613343442982 11 
-0.877902105586 00 
0.536267472323 11 
0.474245054975 01 
-0.133752066788 01 
0.331136269115 01 
0.798983662283 11 
0.0391162297336 01 
-0.140560076854 01 
-0.69241904987 00 
-0.354873456665 01 
-0.494483276606 01 
0.963590401587 11 
-0.145064038209 01 
-0.46710509663 01 
-0.976061236966 00 
-0.814758046958 00 
-0.301245077795 01 
0.105680527379 01 
-0.342239536772 01 
-0.55768763393 00 
0.0751239737635 01 
0.400597862625 01 
0.332892151383 01 
-0.429529988572 01 
-0.602826519901 00 
0.352319069121 01 
-0.336315895612 01 
0.895704494412 11 
-0.0238970743817 01 
-0.759164310373 00 
-0.808369405158 00 
-0.318008962916 01 
-0.606377632383 00 
-0.215726818406 01 
0.0654659996181 01 
0.0639667346464 01 
-0.543935368148 00 
-0.799045365685 00 
-0.169807493254 01 
-0.00194879613628 01 
-0.462276748816 01 
-0.417797392897 01 
0.715315791398 11 
-0.286666754468 01 
0.315346464404 01 
0.978495667221 11 
0.894416874802 11 
-0.823958753765 00 
-0.827619408267 00 
0.257916141241 01 
0.216801816084 01 
-0.575868974367 00 
-0.918115412964 00 
-0.97842945629 00 
-0.179691683289 01 
0.817664669718 11 
0.916694706787 11 
-0.862339508245 00 
0.924673009683 11 
-0.703996101821 00 
0.0502748628536 01 
-0.238899218161 01 
-0.298559439991 01 
-0.530245423997 00 
0.186347857434 01 
-0.278854590969 01 
-0.73087669215 00 
-0.232575144712 01 
-0.916045715675 00 
0.87569513916 11 
-0.108072661821 01 
-0.0536866867062 01 
0.2377509019 01 
0.761639216202 11 
0.460484009138 01 
0.683673816125 11 
0.738043199422 11 
0.781794435314 11 
0.0545892248657 01 
-0.510571899205 00 
0.158017350415 01 
-0.0678955880027 01 
-0.936747167556 00 
-0.756942646299 00 
-0.0715382240858 01 
0.470842293971 01 
-0.697890973602 00 
-0.76547699724 00 
0.369160284892 01 
0.575493030201 11 
-0.275198452955 01 
0.227880943495 01 
-0.741553312167 00 
0.232438387525 01 
0.115564941229 01 
0.264966003865 01 
0.43811138426 01 
-0.153722906881 01 
0.508160373496 11 
0.552377735456 11 
-0.481686483182 01 
0.364163141706 01 
0.738828860375 11 
-0.599527739603 00 
-0.817771063999 00 
0.0525696771618 01 
0.508924947569 11 
-0.529943299775 00 
-0.520429483867 00 
0.0916966746265 01 
-0.551541172177 00 
-0.819645953286 00 
-0.0389475687681 01 
-0.163079052868 01 
-0.145279261528 01 
0.085867012429 01 
0.850596034175 11 
-0.471215160844 01 
0.380761423252 01 
0.501563978893 11 
0.244599463261 01 
-0.380377390638 01 
0.000809874520081 01 
0.131896467278 01 
0.664508231055 11 
-0.644355828853 00 
0.178480936176 01 
-0.0774343886494 01 
-0.630341032895 00 
0.538492308636 11 
0.202789102232 01 
-0.357954642252 01 
0.349257984182 01 
-0.356117750841 01 
-0.606402368568 00 
0.401966069012 01 
-0.717591204312 00 
0.559068370167 11 
0.88463350413 11 
-0.519474823898 00 
0.65413237682 11 
0.908881035793 11 
0.619367112811 11 
0.0647920283198 01 
0.261258431048 01 
-0.281393141298 01 
-0.484318241756 01 
-0.376698375429 01 
-0.592974821858 00 
0.0519318106872 01 
-0.906487140544 00 
0.936687234529 11 
-0.217690460106 01 
-0.756879462655 00 
-0.61732520189 00 
0.61477310679 11 
0.0267854050626 01 
-0.785583382137 00 
0.171515160533 01 
-0.207597339406 01 
0.753864289317 11 
0.633243224068 11 
0.0750087239349 01 
-0.891568470414 00 
0.670507560171 11 
-0.604776134952 00 
-0.728198227699 00 
0.873424805318 11 
0.0957934812197 01 
-0.325006091146 01 
0.901966752104 11 
-0.35692378453 01 
-0.179381336137 01 
0.208819574763 01 
-0.607175159492 00 
-0.0683399828816 01 
-0.597881364486 00 
-0.300998108197 01 
0.822068312934 11 
0.279576534196 01 
-0.201405788012 01 
-0.427702487487 01 
-0.288343980222 01 
0.115918581758 01 
-0.301891016804 01 
-0.24825737913 01 
0.200650024084 01 
0.196320312292 01 
0.753897369744 11 
0.0977239093704 01 
-0.00275647197811 01 
-0.362905605033 01 
0.660881898794 11 
0.60204679449 11 
0.503115963931 11 
-0.675250733895 00 
-0.906525053898 00 
-0.641026463125 00 
0.618269707781 11 
0.629295742116 11 
-0.650628193988 00 
0.968038647904 11 
-0.534061588317 00 
0.181326804871 01 
-0.685534453226 00 
-0.137147459554 01 
0.97861419441 11 
-0.872399996401 00 
0.996881489661 11 
0.73779110178 11 
0.212079173374 01 
0.229517788057 01 
0.911326660871 11 
-0.397667696157 01 
0.713613630893 11 
0.69800997544 11 
-0.754212139974 00 
-0.958996722588 00 
-0.029873277266 01 
-0.524051837175 00 
0.938049505992 11 
0.603909868316 11 
-0.416913040439 01 
0.524771671715 11 
0.342892885116 01 
-0.792490202422 00 
0.173917870475 01 
0.781812907109 11 
-0.0961125945756 01 
-0.179299444457 01 
0.473251289017 01 
0.0907854978168 01 
-0.421430712386 01 
0.119495008847 01 
0.956629840072 11 
0.21127787641 01 
-0.173125151465 01 
-0.326278345637 01 
-0.421266797214 01 
-0.02153010945 01 
0.94704772559 11 
-0.749236640079 00 
0.969989134559 11 
0.224635439843 01 
-0.888163274951 00 
-0.940760232859 00 
0.983507922544 11 
0.473820767084 01 
-0.532016753245 00 
0.911005058189 11 
0.314468756129 01 
0.256424200353 01 
0.0222338225135 01 
0.0281456264809 01 
-0.885651626352 00 
-0.480367320025 01 
-0.841505274729 00 
0.0934970159581 01 
-0.385096458779 01 
0.309718961996 01 
0.298324793233 01 
0.493232271877 01 
-0.564285991169 00 
-0.17686864165 01 
-0.957742120217 00 
0.643201119569 11 
-0.318284093387 01 
0.113782646225 01 
-0.113307511081 01 
0.741142408194 11 
0.187620775057 01 
-0.56926294888 00 
0.0239211545938 01 
0.901334891179 11 
0.0623426675797 01 
0.739330009999 11 
-0.669239883098 00 
-0.955150870654 00 
-0.267252760084 01 
