[ 0.51663676  0.53625183 -0.14101108]
0.798737806697 -0.909456765857 1
0.949625001152 0.336191223013 1
0.572723291834 0.362280629016 1
0.950993011234 0.753117928553 1
-0.100518414932 -0.219849208165 -1
0.99793435421 0.419029441842 1
-0.493792354186 -0.88269736123 -1
-0.658197014562 0.6073540528 1
-0.414285787952 -0.251423385886 -1
-0.882190765591 0.170562971313 -1
0.093800579623 -0.879163312271 -1
0.544251811443 -0.863569918411 -1
0.252019593812 -0.557659778765 -1
-0.0359488691205 0.706317385372 1
0.701089099735 -0.792120435198 1
0.464712733469 0.865558448348 1
0.797589439943 0.478652602107 1
-0.608440500667 -0.156147495328 -1
-0.0487531982298 -0.511275175655 -1
0.809055361919 0.659238224554 1
-0.208940315447 0.282514290264 1
0.460145095394 -0.299421067467 1
0.675429936814 -0.517758324497 1
-0.351641840648 -0.14870122414 -1
0.781525313758 0.262650446656 1
0.624751550158 -0.755665193891 1
-0.465352017441 -0.619148215864 -1
-0.304636537783 0.179245743993 1
0.967945311998 0.816826312603 1
-0.857429615874 -0.15058674162 -1
0.764635845729 0.547548000036 1
0.246988009912 -0.133373315946 1
-0.376572783068 -0.658909969185 -1
-0.448649531665 -0.420631374823 -1
-0.472889074124 -0.766001573417 -1
-0.314209151666 -0.557226417995 -1
-0.480154386995 -0.0395238053514 -1
0.495601850685 0.867673521954 1
-0.0358240465102 -0.623261317984 -1
-0.29287169249 -0.286445827066 -1
0.302594476944 -0.8707750538 -1
-0.123343295341 -0.126227699564 1
0.701460053976 -0.346506227587 1
-0.529139979317 0.397470394807 1
0.198097926643 0.915764774167 1
0.0554696145487 -0.959780384019 -1
0.11319533379 0.525732693254 1
0.207318998691 0.935964716734 1
-0.922154113026 -0.699682524645 -1
0.439488948126 0.896698496591 1
0.405090122251 0.709653501749 1
0.922141312841 -0.215948634321 1
0.588250393307 -0.441690170286 1
0.665450075658 0.976633563221 1
-0.159193093606 -0.8028540964 -1
0.190837555717 0.848488249068 1
-0.0862091639404 -0.618079536254 -1
-0.926845688501 0.772503901455 1
-0.828908417045 0.617824497491 1
-0.362541020117 0.969927744315 1
0.723149192368 0.700418726146 1
-0.919994141741 -0.145236065185 -1
0.506121593018 -0.994493008298 -1
0.944343791654 -0.894258803608 1
-0.293651802891 -0.0197538624744 -1
0.401937657278 0.973958067155 1
0.261373824087 -0.587512833192 -1
-0.625495665173 0.705113015781 1
-0.480110872231 0.102407167801 -1
0.933500732584 0.00584399441117 1
0.816972269461 0.496859217901 1
-0.686229372155 0.111707904721 -1
0.367661940689 -0.408894484647 1
-0.655060174022 -0.22546854126 -1
0.980174703852 -0.930332904844 1
0.894919106885 -0.598622602252 1
-0.629060960311 0.225397357978 -1
-0.91653185616 0.509758912515 -1
-0.954476072117 -0.628232846279 -1
-0.0386823550076 -0.0851500744301 1
0.954622644704 -0.835245941418 1
-0.701974372759 0.995465862387 1
0.220852588702 0.16299901627 1
-0.615384083518 0.521117694982 1
0.177422557283 0.64131356672 1
-0.572194226498 0.936464516341 1
-0.565020527384 0.88013765771 1
0.417098224413 -0.647185127929 1
-0.143205338424 -0.132353118327 -1
-0.655494239888 -0.365992076153 -1
-0.442313810287 -0.166396865157 -1
0.990136331895 0.274402719962 1
0.422130923352 0.315628730265 1
-0.0790137016717 0.395623734803 1
-0.860633734673 0.178535541146 -1
-0.951471080771 0.461684229309 -1
-0.32559616347 0.146382899246 1
0.104073054509 0.168561442461 1
-0.845126237784 0.996759337284 1
-0.451075802073 0.0946502036287 -1
-0.995910902159 0.857678777173 1
-0.743918219436 0.591602615775 1
-0.911320969157 0.517597378968 -1
-0.0853769235522 -0.835570324491 -1
-0.0560682358736 -0.297634394156 -1
-0.63540542964 0.644774165788 1
0.220016141496 0.753119300351 1
-0.985893436882 -0.379994880847 -1
0.99674896328 -0.00433245796818 1
-0.82959374894 0.356824826917 -1
0.0758557885647 -0.308845545624 1
-0.575078477599 -0.642295795196 -1
0.546228029337 -0.178843220366 1
0.391298738316 -0.241584844223 1
0.352543545823 -0.815524963234 -1
-0.953379349243 -0.392842757389 -1
-0.145406952949 -0.140657736293 -1
0.621989341788 -0.827740870006 1
0.462434975704 -0.814609925003 -1
0.902534033129 -0.659890668509 1
-0.806661580421 0.00508916423718 -1
0.0335132760959 -0.814389407118 -1
-0.451177787238 -0.499115922748 -1
0.0190952554058 -0.594040704894 -1
0.879905228919 -0.765598948436 1
-0.959595258623 0.304989739779 -1
-0.0955187531941 -0.296054405161 -1
-0.326122691834 0.0556656433565 1
-0.3155789704 -0.718194685281 -1
-0.72504381436 -0.789475421552 -1
-0.537988820905 -0.0128421358528 -1
-0.80874497387 0.496389942136 -1
0.229140280031 -0.885580278237 -1
0.665726497934 0.049661525999 1
-0.604843563884 0.625723650068 1
-0.51148901286 -0.313261705625 -1
0.065928251136 0.611090182807 1
-0.314900267512 -0.362823045989 -1
-0.402699614705 -0.59703666135 -1
0.408641267334 -0.431695816427 1
0.918342271303 -0.119373730351 1
-0.535785382834 -0.879052977756 -1
-0.750515007686 0.443688670453 -1
0.484327048096 0.393191882196 1
0.509324716837 -0.171230168822 1
0.679279775711 -0.444690480521 1
-0.47738843837 0.99175032557 1
-0.667830415366 0.876304074106 1
-0.728422144088 -0.243757455833 -1
-0.911224840415 0.667289426208 1
0.706397835614 0.304598559377 1
-0.518862913775 -0.603185709267 -1
0.023788062689 -0.988232575594 -1
-0.289718679557 -0.969430126051 -1
0.396966848618 0.0208003005943 1
-0.599410201735 0.956209316426 1
-0.779194764444 0.750587006126 1
0.527269438587 0.858572824733 1
0.587942254031 -0.251226819458 1
-0.492736712309 -0.0594492229294 -1
-0.868684870371 -0.0506489775472 -1
-0.88135492806 0.885065276815 1
0.876927576813 0.036672098659 1
0.172548512872 -0.388039570848 1
0.0985835180417 0.159200641877 1
-0.905424259957 0.198016509792 -1
-0.954449050834 0.936053225083 1
0.594647105602 0.655248422349 1
0.949561649746 -0.0197731318787 1
0.451884883981 -0.280731108393 1
0.455034899283 -0.932663539673 -1
0.139497490879 0.257575370882 1
0.100767886098 0.52454729411 1
-0.271683937795 -0.108731659405 -1
-0.781002851472 0.262942727802 -1
0.955546173774 -0.257595815719 1
-0.899413530154 -0.0592139538448 -1
-0.61923406101 0.108221817407 -1
0.542461464799 -0.0235459581508 1
0.497116865418 0.129523512843 1
-0.742431706477 -0.360764520057 -1
0.939598526294 0.0383531495179 1
-0.387417824826 0.125086928506 1
0.23865089865 0.807293707803 1
-0.120956619989 -0.446813469455 -1
0.0595495314957 -0.242733371403 1
-0.330301492713 0.168557549284 1
0.666614604653 0.107649410498 1
0.131960972575 -0.710421825236 -1
0.678101422157 -0.028680966201 1
-0.718660452883 -0.521495305203 -1
-0.616397412948 0.747197005951 1
-0.111369848496 -0.288745044122 -1
-0.238130525256 0.783574057306 1
-0.668796074406 0.586149904935 1
0.133711596732 -0.241308373202 1
-0.609461520498 -0.0348667605138 -1
0.574125678673 -0.7697127494 1
-0.41645821801 -0.150576293058 -1
0.951689389932 -0.321367648169 1
0.779615812472 -0.174485524893 1
-0.165389914645 0.517411681017 1
-0.0187057627914 -0.472471444904 -1
-0.678825664737 0.168054684118 -1
-0.61736222923 -0.496608767596 -1
-0.132240195772 -0.396205157539 -1
0.469172495686 0.0319030331913 1
0.488953746876 -0.528773180441 1
0.134539116592 -0.597728392901 -1
-0.114698256493 -0.382760263642 -1
0.254104509212 -0.690133767061 -1
-0.657096335306 -0.717140158643 -1
0.987291689813 -0.304732432733 1
0.703470413417 -0.297076473142 1
0.305614727056 0.896498250621 1
0.896813533797 0.962117732801 1
-0.442187514525 0.160414085402 -1
0.894740453203 -0.58489373314 1
-0.190327898955 -0.141417693291 -1
-0.391743877956 -0.354330617723 -1
0.892434599484 -0.472641094869 1
0.0517414618733 -0.243172193607 1
-0.201471351849 0.978846776166 1
-0.642555297094 -0.425101033817 -1
0.563737738021 -0.960154685479 -1
0.399973214314 0.779686164123 1
-0.46310697735 0.705967448692 1
0.654496769973 -0.00729491280932 1
-0.690496694614 0.455012101791 1
-0.971345009282 -0.580366532288 -1
-0.107605881292 -0.0504843372637 1
-0.495862293042 0.425223143987 1
-0.391167808001 -0.812731464439 -1
0.0660975727739 0.339444891142 1
-0.938575141115 -0.759103519628 -1
0.23234329124 -0.0903620123134 1
-0.659648475737 -0.203442066094 -1
-0.545904551377 0.705482906264 1
0.217078497485 0.222231538936 1
0.570550258435 0.50317687482 1
-0.602203932745 -0.592759359704 -1
0.355419413616 0.549487118362 1
-0.436772406418 -0.884843857352 -1
-0.24870385805 0.411603040756 1
-0.241804872594 -0.633835918464 -1
0.994738210866 0.959622928334 1
-0.0548455658728 -0.970646467372 -1
-0.33942215012 0.470822057443 1
-0.197903068935 -0.0591321633287 1
-0.554174732313 0.78730909891 1
0.638751059663 0.336162539916 1
0.174679590707 -0.697066099985 -1
0.78513226508 0.0285454753508 1
-0.0731383790328 -0.28395489252 -1
-0.146122259443 0.876051422603 1
-0.718588606238 -0.455150091942 -1
-0.599785124055 -0.0166191011789 -1
0.777835262719 -0.440635897402 1
-0.0625701049934 -0.094707674565 1
0.634957162363 0.00728862518234 1
0.653977387691 -0.841583635053 1
0.0782758236513 0.182584411712 1
0.160742771062 0.974584302119 1
-0.225241979178 0.291884442727 1
-0.820930309859 0.521279609744 -1
0.548034315411 0.305615343746 1
0.883161936011 -0.12705254861 1
-0.801197691522 0.189994510963 -1
0.831560770331 0.995971280399 1
-0.463488709524 0.721085379679 1
0.215847699863 -0.749364433781 -1
0.848395309036 0.771423709593 1
-0.773979399588 -0.484739808123 -1
0.659580162118 -0.947924665641 -1
0.522996384278 0.801420763398 1
0.623432437633 0.402445731181 1
-0.25369292979 0.316806036219 1
-0.757432461429 0.498095978883 1
0.524879062358 0.145582600625 1
0.254167592319 0.457206026927 1
-0.846468829218 -0.670762874943 -1
0.409380777626 -0.871804845647 -1
-0.30512067974 -0.512222720181 -1
-0.447287484889 -0.841264081137 -1
-0.477375046291 -0.457448405044 -1
-0.753736694709 0.449751844615 -1
-0.453537097668 0.64897564416 1
-0.147578145421 -0.646062428537 -1
-0.0214412445287 -0.253631626578 -1
0.0262452653062 0.0694723751951 1
-0.278182961972 -0.986826560793 -1
0.413151884921 0.664035299534 1
-0.326751714343 0.682263027159 1
-0.514495908554 -0.0297443061571 -1
0.219206290375 0.111283905742 1
0.284989287373 0.418385987129 1
0.786254212217 -0.261214128745 1
0.555790878157 -0.136247448126 1
-0.875021712848 -0.807332552605 -1
0.628548543391 0.765983453691 1
-0.0469005998991 -0.500643179807 -1
0.805633996977 0.401895920768 1
-0.530610884868 0.0410897353416 -1
0.876607717262 0.215786404836 1
0.0828673417926 -0.800338082809 -1
-0.0570461828906 -0.323428563807 -1
0.433626795476 0.618449345984 1
0.141395973801 0.0662922719094 1
0.399013043948 -0.968259083276 -1
0.656424126452 -0.119748810204 1
-0.146380380327 -0.572222215702 -1
-0.980886658584 0.324251594448 -1
0.0158661388532 -0.111347298604 1
-0.838639003259 0.947113941142 1
-0.635866246838 0.215026127405 -1
-0.0566962922889 -0.814474094174 -1
0.172730957336 -0.776957152465 -1
-0.586918542585 -0.285864297753 -1
-0.598299712781 -0.784857762944 -1
-0.797673606164 -0.740483822304 -1
0.82443028484 0.0709237893527 1
0.623706552873 0.395290518246 1
0.871359319416 -0.921629340337 1
0.88271719287 -0.230557022734 1
-0.974684871788 -0.466526525889 -1
-0.76129464317 -0.0215001564255 -1
-0.635162656733 -0.868941291924 -1
-0.540884420444 -0.632115050697 -1
-0.128606344637 0.415992505442 1
-0.395619977637 -0.603975394453 -1
0.890137541659 0.559365392818 1
0.0607986037666 -0.209373249837 1
-0.85712840437 -0.240531815204 -1
-0.248962624132 -0.439575358928 -1
0.920425551515 -0.544912218869 1
-0.352229008488 0.0150782478209 -1
-0.628241582364 -0.109587581007 -1
0.327871750347 0.489359654066 1
0.830670876138 -0.395110800023 1
-0.414273451711 0.728169345496 1
-0.731570033671 0.475280156896 1
0.743644435395 0.630218563944 1
0.102380284869 0.609345559251 1
-0.449731652895 0.101845516127 -1
-0.352370700914 -0.943316260392 -1
0.973305906467 -0.92866128992 1
0.953441910636 0.0335798770354 1
-0.755824151612 0.292517583287 -1
-0.20128403748 0.625948957956 1
0.391151851412 -0.828133943832 -1
-0.839792837429 -0.410596807408 -1
-0.215085581722 -0.266723403033 -1
-0.77382168577 -0.20273028109 -1
0.528891887728 -0.826921578914 -1
0.558607381609 0.709020348305 1
0.82879769177 0.446995748943 1
0.900969891582 0.267087352738 1
-0.780490573464 0.787550219974 1
0.912272020974 -0.195253776242 1
0.274188278119 -0.806137548551 -1
-0.166908661075 -0.532735823672 -1
-0.121688783754 -0.654071399956 -1
0.0233419629689 0.132701858496 1
0.136267647677 -0.919935719939 -1
-0.44473235224 0.871511544617 1
-0.436262621394 0.427919796761 1
0.0371306070816 0.320986406021 1
0.424979438755 0.877386041623 1
-0.265391390026 -0.711790089955 -1
0.0642625111881 -0.98766566689 -1
-0.0275938155301 0.334978533442 1
0.262128784029 0.656242987237 1
-0.864867317591 -0.834570921775 -1
-0.126852938839 -0.649054578358 -1
0.0147719325825 -0.0849062240147 1
0.134752897136 0.643518737462 1
0.265382046205 -0.182228657047 1
-0.123591763716 0.89991113877 1
0.0956664597148 0.770441083054 1
0.522040019744 0.359331969521 1
0.855176983939 -0.494356748538 1
-0.521681307724 0.562580590788 1
-0.916784358639 -0.186140602208 -1
-0.934313572323 -0.00217507068129 -1
-0.387496650261 -0.421799525717 -1
0.868070891923 -0.573741492579 1
0.321474367372 0.718892073678 1
0.176592446393 0.367018111429 1
-0.546451072154 -0.643490064892 -1
0.145887068141 -0.508686095605 -1
-0.506058787968 -0.966455871331 -1
-0.0923199564497 0.275938870739 1
0.736984946191 -0.292813425949 1
-0.765789053456 0.464558249656 -1
-0.60591980672 0.248149183593 -1
0.867179680804 -0.557900177081 1
0.871290035759 -0.78049382425 1
0.82475431176 -0.55943778174 1
0.335804142695 0.0728207077907 1
0.792746436585 -0.683953934341 1
0.436650350819 -0.983464551483 -1
-0.258520350209 -0.414630353432 -1
0.424968853963 -0.454841301422 1
-0.352296233849 -0.0390827725149 -1
0.667937361405 -0.713099249449 1
0.837622928463 0.914288055697 1
-0.44141877027 0.49156533515 1
0.77626543579 -0.958169609489 1
0.181754845448 -0.528194030185 -1
-0.889921150485 -0.100123719393 -1
-0.640528294732 -0.250165095859 -1
-0.670831133627 -0.31718536373 -1
0.757825460327 -0.527428866018 1
-0.966790418251 0.164230145078 -1
-0.767484041199 0.313403256794 -1
0.223902623713 -0.113668678772 1
-0.319271569817 0.00606967576858 -1
-0.295230659468 -0.826858116737 -1
-0.998844783842 0.998971695677 1
-0.632563253089 0.051744513055 -1
0.627275266731 -0.784162597483 1
-0.711297113089 0.929343007573 1
-0.112697347272 0.0220490781238 1
-0.817868231092 -0.818587539406 -1
-0.962188580707 0.232330037013 -1
0.399868516649 0.763523742182 1
-0.451578672271 -0.374013988154 -1
0.185717908419 0.844797178171 1
-0.616893717268 0.107408816663 -1
0.215242962609 -0.115084022949 1
0.876881816541 -0.359947185666 1
0.746743992045 0.691141509392 1
0.385429471961 -0.521992088099 1
0.819699040523 0.397256644727 1
-0.380346725485 -0.170058330563 -1
-0.479101554907 0.423142277922 1
-0.424707987738 0.901941572535 1
0.316141626817 -0.201690600257 1
0.0847197453467 -0.468840541408 -1
-0.62391246682 0.349559456299 1
0.65701216306 0.41704634632 1
0.044166061308 0.954709169234 1
0.81055247458 -0.0845404215926 1
0.321081058471 0.919527265422 1
-0.892495841959 -0.809793909947 -1
-0.187667720374 -0.985569122254 -1
-0.301654348608 -0.447636638603 -1
0.598780536507 0.274097076884 1
-0.379849842367 0.482936003915 1
0.268862501178 -0.656674648626 -1
-0.15082443286 -0.0715917952086 1
-0.625954529757 -0.517178868638 -1
-0.122747961604 0.46043371337 1
0.269680046367 -0.551378040387 -1
0.01226080458 -0.980366295244 -1
-0.175730167933 -0.964642723593 -1
0.826609398219 -0.444203368508 1
0.715165817942 -0.204097616209 1
0.7209767188 0.960385517768 1
-0.611135657325 -0.273590052122 -1
-0.58696637233 -0.664052376758 -1
-0.147270609419 -0.80948373457 -1
0.192003612462 0.360340732034 1
0.99103359076 -0.331010878144 1
0.582627871865 -0.0425463364336 1
-0.621988668608 0.790670919159 1
0.686902536888 0.349596585426 1
-0.701637562653 -0.0827460297974 -1
-0.0322405050155 -0.713514155384 -1
-0.100716135898 0.467067437834 1
0.408212544972 0.309021814994 1
0.537889971614 0.859045391444 1
-0.132761933535 0.218052869222 1
-0.509548835664 -0.181117932018 -1
0.620292791286 -0.0701193308562 1
-0.277890355945 0.525218930805 1
-0.0408467803225 0.0654967863671 1
0.541262699678 0.426523843156 1
0.19112489318 -0.797422079722 -1
0.881088905138 -0.611501662297 1
0.0380332256775 -0.0968676297702 1
0.807697536704 0.259166939646 1
0.264723166734 0.415421904594 1
-0.0430390018675 -0.443032507354 -1
0.0889925157386 0.980419533759 1
-0.681069042784 0.570098199916 1
-0.980702283332 -0.0915814328872 -1
0.0428433143297 -0.619051484895 -1
-0.691606211039 -0.761808147742 -1
0.957324767955 -0.467036500333 1
-0.529366692178 -0.109382305764 -1
0.187868084277 0.742543141623 1
0.33699276254 -0.0560764041967 1
0.890920341511 -0.565166931149 1
-0.0340245695956 0.2173290939 1
0.484012988894 -0.765934269663 -1
0.788607862596 0.260561392234 1
0.104752922575 0.178362388936 1
-0.447557554534 0.977174948874 1
0.622767973484 0.980561408315 1
0.593284819771 -0.324244220177 1
0.719854036938 -0.801826336431 1
0.763736264558 0.840862108538 1
0.927726596507 0.438842240523 1
-0.0799823845416 -0.3567433442 -1
0.260174548499 -0.520492045188 -1
-0.924684405862 0.98605077014 1
-0.773979855364 0.208551229255 -1
-0.723415370982 -0.903331292958 -1
-0.139931384876 -0.598827945141 -1
0.522453570187 0.92957950298 1
0.201567386325 -0.646091713501 -1
-0.071385460976 0.338717381548 1
-0.53346213228 -0.439512774247 -1
-0.130658702686 0.122800389272 1
-0.0754837805537 -0.251537498614 -1
0.255912078233 0.121397537515 1
-0.12830921977 -0.756005527208 -1
0.562913605953 -0.753477479399 1
-0.623066310278 -0.173456012732 -1
0.14268970784 0.158541553922 1
0.742429548847 0.764202486708 1
-0.924835110831 -0.638526049711 -1
0.699348273826 0.455960083539 1
-0.932688577631 0.848023075579 1
-0.0295751154138 -0.319464554632 -1
-0.609542922503 0.31378085099 -1
-0.296580064955 -0.27621155656 -1
-0.717416277928 0.489819860845 1
0.381283891986 -0.75244606162 -1
-0.323529611365 0.953013030992 1
0.373885265981 0.432194767354 1
-0.26684048242 -0.647201941624 -1
0.182119660757 0.406999304 1
0.388756721591 0.472395283966 1
-0.0947872012042 0.457221725921 1
-0.174353140055 0.778616800406 1
-0.354235268055 -0.923745893845 -1
-0.352462246907 0.378021767372 1
0.100192595417 -0.848568604219 -1
-0.753571894752 -0.156371982408 -1
0.734913741646 -0.314643759828 1
-0.703521106016 0.0753447213684 -1
-0.719969619616 -0.776068115085 -1
0.572171629164 -0.169264655559 1
-0.713222834936 -0.347929665502 -1
-0.684397219654 -0.708434413343 -1
0.997734377368 -0.685091907299 1
-0.0735485107143 -0.213188970035 -1
0.447853420843 0.763346134221 1
-0.253679394099 0.41829612304 1
-0.698818684223 0.895140928007 1
0.292232711669 -0.989380247746 -1
0.503119756066 -0.0397740459541 1
-0.000138089210318 -0.869162968247 -1
-0.508382527302 -0.398050711545 -1
-0.915777838523 0.521120370634 -1
-0.757307582052 0.730192671465 1
0.90054115989 0.379511095096 1
-0.0404077319228 0.46143501443 1
-0.465725094307 -0.23520380889 -1
-0.9339429302 0.568398612743 -1
0.948535113138 0.0757041162198 1
0.873421659478 -0.803458798383 1
-0.473035474423 -0.422105646022 -1
0.617466290161 0.785081093982 1
0.759817090902 0.552602192551 1
0.534955782771 -0.491037948421 1
-0.00557707159382 -0.0342366887411 1
0.496953448939 0.957564412427 1
-0.792635228554 0.635384428747 1
0.944309339176 0.457507578691 1
-0.00367847621668 0.759188912266 1
0.586702162389 -0.826644192374 1
-0.170246853151 -0.0642813660501 1
-0.612850534698 -0.969275418149 -1
0.532531005636 -0.174149996298 1
0.846126455054 0.197421615642 1
0.29786059545 -0.621971612268 -1
-0.312784755727 0.906893902251 1
0.0233832074767 0.78698822315 1
0.769542142824 0.435939502953 1
0.227547582474 -0.599298090442 -1
-0.150711496436 -0.0316950745211 1
-0.619842756053 -0.225017292083 -1
-0.725545088253 0.497448748942 1
-0.885911624612 0.226687201145 -1
-0.843766241826 -0.590198798997 -1
0.338291424617 0.989719511198 1
-0.488798019978 -0.839046895722 -1
0.739384531836 0.905790130736 1
0.375463720898 0.269604451073 1
0.120794338866 -0.276145619279 1
-0.247445669541 0.767529356354 1
0.401823545708 0.623730668647 1
-0.381153389089 0.729018941592 1
0.181665477831 0.458967142312 1
0.298457366319 -0.782891789458 -1
-0.141770506645 0.595713374683 1
-0.856461287504 -0.445053060815 -1
0.697855309097 0.845077454361 1
-0.277421578464 -0.773106104845 -1
0.0712226533253 -0.620079540851 -1
0.449336715042 -0.555684326024 1
-0.476894936647 -0.516935521093 -1
-0.510809380849 0.86666548407 1
0.205954589691 -0.999184544271 -1
-0.125741764328 0.820879700625 1
0.981361408144 0.319060700956 1
-0.856876714251 0.726962934573 1
0.159142122838 0.222148431419 1
-0.456739425886 -0.651636584802 -1
0.33121925582 0.609391085713 1
0.232155097824 0.104598115275 1
-0.857714377756 -0.211656245723 -1
0.184634963137 -0.293191282196 1
-0.111431979001 0.827713713027 1
-0.999496629086 0.996508690111 1
-0.686516192474 -0.458661577582 -1
0.821569550572 -0.291309923706 1
-0.392888006294 -0.0134034061711 -1
-0.856859443544 -0.765136936429 -1
-0.505722551683 0.431840051183 1
0.637876134033 -0.849723125399 1
0.17596179419 -0.30742330007 1
-0.675985891365 -0.17213760954 -1
0.022864889442 -0.306614771944 -1
0.104964207836 0.662748102555 1
-0.849396813262 0.0117908666549 -1
0.21914230857 -0.44053874896 1
-0.81012031898 -0.176890807547 -1
-0.368406987204 -0.180022478427 -1
0.052425604962 -0.566813953429 -1
0.500343184268 -0.603684867573 1
0.144732115095 -0.00790710858363 1
-0.722181026289 -0.985047567215 -1
-0.139488453855 -0.465288528937 -1
0.388554664842 0.825643291406 1
-0.250599306405 -0.618294935458 -1
0.282396891115 -0.110289316384 1
-0.641752048754 0.0503185856865 -1
-0.33478672145 -0.414620171269 -1
0.378149664354 0.436031794197 1
0.896488410021 0.489580212398 1
-0.417893702312 -0.299334448498 -1
0.835062115646 0.860783722645 1
-0.858017173479 -0.991033824739 -1
-0.609718874607 -0.945622708136 -1
0.320548682657 -0.842531713592 -1
0.451114941111 0.38502220585 1
-0.0663268588778 -0.815997884211 -1
0.847113179508 -0.885261736457 1
-0.319385942567 -0.87100704366 -1
-0.827986111571 0.534132643953 -1
-0.726164958574 0.662502569863 1
0.453153416605 0.0879143640956 1
0.03478693676 -0.982113133848 -1
0.411667323753 -0.995269622215 -1
-0.923217412287 0.773200792415 1
-0.123646152095 -0.535309380582 -1
0.815640850077 0.461978449125 1
0.240492285347 -0.683407290951 -1
-0.793684506502 -0.329287035063 -1
-0.967232770031 0.225594729429 -1
0.379662505289 -0.38884840518 1
-0.203351923852 -0.200842245454 -1
0.50278531149 0.269187408368 1
0.576838018507 -0.510350382059 1
-0.920936649179 0.400110322862 -1
-0.202930355136 0.708599916227 1
-0.955648978622 -0.366480279145 -1
0.703727378532 0.678230489456 1
0.906723402434 0.744473230801 1
0.699495914257 -0.909311191673 1
-0.198111244879 -0.989844329422 -1
-0.0723867019258 0.282051829288 1
0.778962911041 -0.65718021222 1
-0.965581534259 -0.21421202236 -1
-0.671457118109 0.795044266211 1
-0.601419574815 -0.734217211364 -1
0.0461644953863 0.514283793592 1
-0.588472857755 0.0788127312572 -1
0.819601248816 0.0417089829396 1
0.200066337588 -0.728961568979 -1
0.923452638591 -0.976729208062 1
0.362052303111 0.00461077173104 1
0.582104871767 -0.649502659803 1
0.36362074937 -0.0347257287611 1
-0.198406862044 -0.945670009852 -1
-0.596830789628 0.205986485874 -1
0.498127524886 0.541572972609 1
0.482192245151 0.944816604796 1
-0.323920670307 -0.237295118198 -1
0.153080710241 0.699273097307 1
-0.707691537079 -0.372903126028 -1
0.0734468570248 0.160765317565 1
0.445879408702 0.473842727315 1
0.316847982139 -0.459175812542 1
0.32079880302 -0.127197318625 1
-0.768713081964 -0.777005634921 -1
-0.155563915901 -0.78779130958 -1
-0.80497491437 0.669028030326 1
-0.0830301988587 0.269251359312 1
-0.541481855572 -0.849750404611 -1
0.840903886357 0.337593729264 1
-0.912943279504 -0.501876226535 -1
0.998091236173 0.40352470917 1
-0.379341663658 0.855649600228 1
0.95960489792 -0.545755452175 1
-0.443708553567 -0.615278429076 -1
-0.853238097451 -0.243902064438 -1
0.141953118062 0.184284027686 1
0.201290553456 0.408917092123 1
-0.175061430414 0.0881533293566 1
-0.85169282907 -0.208889059519 -1
-0.151403603287 -0.995038199401 -1
-0.470964548181 0.324122628495 1
-0.387570936926 -0.0204861919303 -1
-0.876519659396 0.0901969543531 -1
0.599792896148 0.0323590664303 1
-0.308626885042 -0.93056560297 -1
0.0627826633483 0.0104704539726 1
-0.94432392958 -0.553062126915 -1
0.0298419543315 -0.495003220231 -1
0.413269330992 0.777508271833 1
0.778786245588 -0.617286031925 1
0.473217464019 0.957684491755 1
0.0463374315272 -0.277306822442 1
-0.85600058586 -0.199894197783 -1
-0.201062107724 -0.436279919988 -1
0.394462834204 0.789459594929 1
-0.292875126955 0.757473168775 1
0.23912112378 0.502056288023 1
-0.0851311929337 0.974920853995 1
0.655822815466 -0.734446801888 1
0.579490264851 0.716814702549 1
-0.239109333014 0.787926840193 1
0.394039804209 0.133141258538 1
0.693540162763 -0.628962089371 1
0.724747529708 0.996285787112 1
-0.431414205407 0.788588427134 1
-0.954971561067 0.244305262824 -1
0.0641042504786 0.644508394004 1
-0.377832459256 0.0239253310448 -1
-0.750870713226 -0.736893664612 -1
0.404019416828 0.358858138865 1
0.776449274994 -0.843371840398 1
0.23808950283 -0.242991683977 1
-0.670803468118 0.281102887152 -1
0.608848616972 -0.31253371289 1
-0.022309784234 0.992691705351 1
0.611273416362 0.779962427786 1
-0.832668629972 -0.799309242445 -1
-0.304482743239 0.022412633413 -1
-0.721387627828 -0.847924958624 -1
-0.852090537259 0.666475048018 1
-0.407693113287 0.683513041 1
0.810172817255 0.175592822046 1
0.117598451678 0.942412250213 1
-0.360918775389 -0.529305561901 -1
0.0271385327895 -0.523538047247 -1
-0.442921441857 0.354097743054 1
0.36157580259 -0.866510963323 -1
0.198491491544 -0.802379253918 -1
0.134401889723 0.674007128658 1
-0.662516779225 0.487687147956 1
-0.227217628165 0.209330437273 1
0.0805536861308 -0.787802750686 -1
-0.799999757335 0.521471409171 1
-0.412354086417 -0.369233174168 -1
-0.546862297063 0.686584965928 1
0.979514459739 0.0124282463529 1
-0.594717627517 -0.395024311649 -1
0.994099866966 -0.979555849475 1
-0.363798657646 -0.809025002097 -1
-0.64435531918 -0.884346891394 -1
0.60623034918 -0.016834736793 1
0.972388745438 -0.762376123622 1
0.51250248631 0.793085572555 1
-0.915879424692 -0.434035945875 -1
-0.340409483006 -0.676459256818 -1
-0.426064766164 0.329363356803 1
0.491786029294 0.898822953593 1
-0.0395795190406 -0.602655101885 -1
-0.547463336137 0.943730715206 1
0.259219676695 0.573218854399 1
0.0394645276055 0.71712662369 1
-0.0776677283382 0.197503562735 1
0.297131539985 0.321303537182 1
0.357042098488 0.799551549876 1
0.79955742963 0.959170299184 1
-0.239068714979 0.692622181454 1
0.527904641381 0.619291057233 1
-0.429582999871 0.562377494297 1
-0.120627286739 0.386542595894 1
-0.0265259922557 -0.751914855207 -1
-0.583801111288 -0.421567882064 -1
-0.455298484206 0.518551556276 1
0.145735140894 -0.308023798434 1
-0.688315108538 -0.724316426628 -1
0.7255671797 0.474370440486 1
-0.961286496789 0.885791491718 1
-0.0586583837873 0.684377972495 1
0.330952344118 -0.171931451501 1
0.381325466686 0.706056873558 1
-0.644925940383 -0.243634722484 -1
-0.200903472221 -0.975105027894 -1
0.470167250292 0.820753181745 1
0.940476098411 0.43532017199 1
0.725998617189 -0.647852939417 1
-0.895877849755 -0.994203253869 -1
0.869980672641 -0.741380629082 1
0.905593876924 -0.12170814005 1
-0.0902281628376 -0.148051036929 1
-0.168267541888 0.843929205492 1
0.686099285017 0.365818991375 1
0.355899588177 0.253692780582 1
0.408269391685 0.252671435974 1
0.381751480019 -0.264217032835 1
0.95519402906 0.146820029444 1
0.271953457526 -0.48842260498 1
0.447252317369 0.576011652504 1
0.290339881463 -0.342003244652 1
-0.611192059427 0.576172426319 1
0.944683150801 0.442623300368 1
0.159991289691 0.679979352581 1
0.821289123389 0.92736303616 1
-0.959111045506 0.400785050667 -1
0.782680426768 0.686097882363 1
-0.254940789453 -0.202307814728 -1
-0.374529656812 0.403517572943 1
-0.0247286041289 -0.544639395384 -1
0.536964460384 0.351592198481 1
0.346057786981 -0.74284485159 -1
0.903532642197 0.188882982981 1
-0.548839876616 -0.574803129674 -1
0.904247915349 0.975560218644 1
-0.0865773358389 -0.594147050476 -1
0.14055014944 0.323088766967 1
0.50751263939 -0.339188975273 1
0.400130882993 0.156885684901 1
0.16287216088 -0.33155885249 1
-0.122510113753 0.225089683155 1
-0.930140958377 0.392474026967 -1
-0.646304692381 0.0103328330083 -1
-0.685671318255 -0.561100638664 -1
0.528271149026 0.113007548381 1
0.904668919031 -0.41336459828 1
-0.513165485391 0.817848169329 1
0.437467564688 0.139857800168 1
-0.461733411485 -0.0393139972487 -1
0.698022999993 -0.0795614371587 1
0.63722311236 -0.378737122215 1
0.726766201675 0.957894185326 1
-0.348116868962 -0.365542749961 -1
0.763657960696 -0.910643533049 1
-0.415096848334 -0.833499087183 -1
-0.619832355492 0.929044193548 1
-0.470918841922 0.0395064376239 -1
0.107245046695 -0.0405740419352 1
-0.283000105468 0.682571035397 1
0.50669868573 0.282985939405 1
0.501244247509 0.908556375155 1
0.53242330005 0.213689585156 1
0.101338077516 -0.822216816508 -1
-0.9367337813 0.381712471594 -1
0.474176779201 -0.106287836954 1
-0.0545841411726 0.565277436646 1
-0.15787660734 -0.947857894449 -1
0.18087718254 -0.630642434528 -1
-0.461575071251 0.842659152907 1
0.0483044760391 0.4079808942 1
0.016710144316 0.498768452817 1
0.54689305658 -0.579685916318 1
-0.720648919628 0.501812752273 1
0.00490932037127 -0.996289311353 -1
-0.323685950622 0.0379683915738 -1
-0.567359059615 0.429884568655 1
-0.399578148235 -0.282504677405 -1
0.614676907242 -0.903835316713 -1
0.797885880435 0.682899715362 1
0.252325806032 0.872612487239 1
0.3292771531 0.939693441103 1
-0.363279592881 -0.212456153898 -1
-0.867570531113 -0.453269711565 -1
0.812860671985 -0.989567386368 1
-0.179957376326 -0.85357401186 -1
-0.981696841603 0.0276291944082 -1
0.172590707032 -0.909457129382 -1
0.562587674898 0.545758885587 1
-0.236433881197 0.62302478524 1
-0.494074799269 -0.992345883581 -1
-0.0200599281296 0.0385591191483 1
-0.926659797884 0.435632523648 -1
-0.4191961072 -0.112598260556 -1
-0.306857843941 -0.314513541408 -1
-0.662035396412 -0.435772849951 -1
0.444206416264 -0.44849495158 1
0.136357357192 0.0924465684133 1
0.945379524086 0.0782155273506 1
-0.192133762682 -0.739093546966 -1
0.0389717084285 0.159453638098 1
-0.685748693377 0.781236482905 1
0.43076902057 -0.597029028106 1
0.0103841859643 -0.606656127476 -1
-0.767695625585 -0.237818390004 -1
-0.238598084901 0.44280559288 1
0.381558358878 0.611184653325 1
-0.833984125138 -0.973985436512 -1
-0.842061359407 -0.322607225306 -1
0.552425894214 -0.0438206377449 1
0.744212913455 -0.775664597036 1
-0.723778457083 -0.235090557382 -1
0.734170336885 -0.988894126564 -1
0.725727990544 0.142853739537 1
0.792711081762 0.657242360688 1
0.751997414292 -0.763339710306 1
0.313794623126 0.717618920706 1
0.462949237839 -0.484757557099 1
0.174158100969 0.26352510858 1
0.107783496164 0.490467063935 1
-0.256627428045 0.712919936178 1
-0.826318546738 0.461401826224 -1
0.0389257817549 0.27502906259 1
0.603636833432 -0.887072590204 -1
-0.403207715315 -0.223253752019 -1
0.574499419384 -0.310486736065 1
0.450651666814 0.698414271703 1
0.75234837043 0.556215163506 1
-0.753490316874 0.126398358079 -1
-0.205503278206 0.946774999742 1
-0.76727394364 0.445383530354 -1
0.715473561486 -0.0593358821207 1
0.770555891017 -0.246127044021 1
0.293031267154 0.207721710364 1
0.508907329609 0.336494009993 1
-0.320405060857 -0.256540036265 -1
-0.697260019841 0.495174415743 1
0.164956921286 -0.174797181663 1
-0.196933775854 0.40323621331 1
-0.135491835466 0.337984032429 1
0.232390663737 0.487196777764 1
-0.569885093883 0.593282494683 1
0.50695755918 0.903454855936 1
0.289665611333 0.00716565375544 1
0.106343458748 0.244268055241 1
0.464829970017 0.430738673359 1
0.850246760761 -0.611799243024 1
-0.004731195461 0.3805830089 1
0.870418080333 0.902876977174 1
-0.794693172275 0.585376515624 1
0.6447375692 0.424303041222 1
0.698953592662 0.509524850241 1
-0.254833395899 0.440344588049 1
0.388692665927 -0.212745078626 1
-0.979636910973 0.733739325924 1
-0.823615998032 0.0910526905586 -1
-0.954615775698 -0.466850581706 -1
0.149976304445 0.784680211239 1
-0.0941012581313 0.681039804576 1
-0.825825730333 0.622146219548 1
-0.588085396696 0.809344450533 1
-0.220160367764 -0.662490186558 -1
0.660277266015 0.276583813309 1
0.917419691934 -0.295055482935 1
-0.413804557253 -0.298095762305 -1
0.310321634343 0.870881144713 1
0.301925419366 0.0134724773488 1
-0.926538868069 0.519560096856 -1
0.894809867641 0.548857821779 1
-0.986764164899 0.740545674024 1
-0.546489016992 -0.664068238173 -1
0.806182961392 -0.353215292876 1
-0.456789749139 -0.376768366741 -1
-0.480676221603 -0.602728559292 -1
-0.593810470112 -0.402907341869 -1
0.313975285235 -0.726977022168 -1
0.607684240912 -0.000461654021367 1
-0.666628859519 -0.419039847385 -1
0.166416061903 0.914357672224 1
-0.436268597942 0.388032588792 1
-0.643923076627 0.456147791297 1
0.69116102436 -0.33593306516 1
-0.987317259798 0.937250765318 1
-0.553161197695 -0.837403031873 -1
-0.589160592196 0.392573008425 1
-0.985323043034 0.620387669039 -1
0.364293004888 0.596997621558 1
-0.198823262546 0.30690649286 1
0.204750108368 -0.660185410919 -1
-0.979407643566 -0.878785116527 -1
0.910819448023 -0.932657128354 1
-0.751009817169 -0.157282441128 -1
0.497407857713 0.9224534813 1
0.199713349221 0.753312059447 1
0.394058954923 -0.701924403639 -1
0.270337467462 0.135432687697 1
0.0867482372793 -0.0213946200602 1
0.566914277185 0.603037984324 1
-0.565344066819 -0.722091341422 -1
-0.0230018704033 -0.661472429888 -1
-0.663206906629 -0.710640334582 -1
-0.578899343056 -0.72337669272 -1
-0.844253706445 -0.0947895931121 -1
0.945413165714 0.968674348534 1
-0.372323713703 -0.695862333385 -1
0.0867840745903 -0.493551319899 -1
-0.864149914899 0.620430471 1
0.47923168943 0.79182682944 1
-0.485734758288 0.212829151949 1
-0.163063408516 -0.727218200686 -1
0.235475780565 0.672215967547 1
0.178167621462 0.94054661252 1
-0.824319548268 0.289560818438 -1
0.462126897387 -0.107375851742 1
0.685735929245 0.122487213204 1
0.923089475958 0.787333119674 1
-0.693019184102 0.751056086023 1
0.754014139011 -0.779301896525 1
-0.5087183405 -0.0481077351409 -1
0.453825289457 0.308174796773 1
-0.616553188235 -0.710616097745 -1
-0.690016321279 0.201286992564 -1
0.422808545708 -0.909669858243 -1
0.799284770927 0.274787378737 1
-0.354320436442 0.649215334277 1
-0.19257042862 -0.768164105352 -1
-0.435996202577 -0.278967358045 -1
-0.713087551376 -0.316600655499 -1
0.850714610469 -0.810979975731 1
-0.306331661527 -0.482810799991 -1
-0.39083572614 0.928421599864 1
-0.449359536099 0.464418007269 1
-0.771399899598 -0.524164499122 -1
0.531505463985 -0.444614342428 1
0.865503389553 -0.820086957647 1
-0.033331656039 -0.821085456626 -1
-0.12642156183 0.804838047662 1
0.177507202461 0.358866821801 1
-0.928928132178 -0.36834877505 -1
-0.452735859606 -0.903613926568 -1
0.646179381588 -0.014307188249 1
-0.25977337858 -0.493273043334 -1
0.104735028393 0.149011038402 1
-0.417774873028 0.840571124668 1
-0.517791900655 -0.359930325714 -1
0.973211489906 -0.709846131663 1
-0.632574876784 -0.729512775617 -1
0.173798603594 0.353830520704 1
0.279331087163 -0.0142862245666 1
0.990175534541 -0.754012881511 1
0.494000675962 -0.389544905902 1
0.83377318751 0.821973757777 1
0.328564387074 -0.613525188489 -1
0.799669199921 0.256117682907 1
-0.226404612542 0.673321928956 1
-0.377661534492 0.88551605805 1
0.829389155208 0.959911458108 1
-0.660508635962 0.420268229405 1
0.879923586883 -0.882783693034 1
-0.612775655638 -0.484040430058 -1
0.942460662473 -0.557011120454 1
-0.518672398398 -0.0638236455471 -1
0.560906108885 0.571673499077 1
-0.262285558722 -0.571135620464 -1
-0.640694426677 -0.996291485478 -1
-0.464187653415 -0.104965884285 -1
0.318122751258 -0.746814589236 -1
-0.879017350595 -0.752435419744 -1
0.38137343353 -0.983799033136 -1
0.27193300978 0.134789091581 1
-0.765941867862 0.196348139237 -1
-0.451089930587 -0.0902639881021 -1
0.358667592394 0.869474543916 1
-0.028228627461 -0.387211439512 -1
0.663052497086 -0.432233095768 1
-0.228418592929 -0.209406414659 -1
0.431556140259 0.348660901728 1
0.243110276787 0.569569244715 1
0.611200559173 -0.988575367117 -1
-0.512089420782 0.290384435452 1
-0.38149294632 -0.525659737153 -1
-0.0661828783187 0.85449297912 1
0.398625875229 0.0838789671433 1
-0.202312140664 0.831999730476 1
-0.56184565731 0.947442661929 1
-0.860339186528 0.691640008265 1
0.119281369572 0.862538733998 1
-0.759832106271 0.573934279746 1
-0.802549677796 -0.735935596559 -1
0.0768269732587 0.569345928271 1
-0.756004855038 -0.982789273384 -1
-0.31137623937 -0.501302623966 -1
-0.972979679032 0.837817414953 1
-0.953357699619 -0.836069901565 -1
-0.569208223714 -0.926547940751 -1
-0.053294326578 -0.154743891954 1
0.42088533543 0.155631666641 1
-0.233319094488 -0.697851035949 -1
0.378721093823 0.58341993428 1
0.831567643121 0.813111369852 1
-0.710899519532 -0.744573588231 -1
0.589215701576 -0.840217921118 -1
-0.502396277387 0.553877489281 1
0.747526785303 -0.0893390825337 1
0.136030379624 -0.959206790003 -1
-0.813716209473 -0.382254879453 -1
0.747272847871 0.972799146853 1
0.759858342462 -0.256400436124 1
0.298327373579 0.315534798274 1
0.659146077599 0.448619337988 1
-0.878913342743 0.483930297712 -1
0.721764306503 -0.677048784224 1
0.242767876618 -0.954966703061 -1
-0.40376283976 0.702339415521 1
-0.454202279194 0.232500087573 1
-0.665256416217 0.893242056783 1
-0.777777117703 -0.300138120502 -1
0.224285441937 -0.522889680963 -1
-0.66172350231 0.981867567269 1
0.1556869273 0.93904253513 1
0.378024752241 0.147502834314 1
0.591999389061 -0.633993108503 1
-0.27589981656 -0.107030065227 -1
0.702156357559 -0.602106909775 1
0.380730136226 0.154827367 1
0.151822897055 -0.483635524348 -1
-0.848413692055 0.0786731095564 -1
-0.0096094427973 0.996550603379 1
-0.7087646534 0.72205703048 1
-0.449761980249 0.656118448773 1
0.450980389765 -0.334453335882 1
0.732420989377 -0.723460754909 1
-0.162370645307 0.266306300969 1
-0.89904355171 0.114859551582 -1
-0.483028603396 0.104773486996 -1
0.0197500432368 0.938840138635 1
-0.815784757306 -0.889432940628 -1
-0.423706854505 -0.0327061499401 -1
0.304979427881 -0.632822866192 -1
-0.59114774569 0.135999919029 -1
-0.208858417599 -0.897986912745 -1
-0.382899022818 -0.0285832870407 -1
0.12111319224 -0.860638110278 -1
-0.515802977851 -0.239718309381 -1
-0.795090626767 -0.952687065987 -1
0.326974533834 -0.28256257647 1
0.175918134332 -0.601014338448 -1
0.89855428182 -0.846674609916 1
0.0713692685644 -0.12192890986 1
-0.893124782364 -0.35112194449 -1
0.775572792177 0.0138784719819 1
-0.729964424632 -0.212689052363 -1
0.854622730331 -0.681323809516 1
-0.776822433968 0.587999894102 1
0.717381340181 0.851628434087 1
0.765568698132 -0.124528668931 1
0.00992243014313 0.944465018552 1
-0.282701437507 -0.723130274546 -1
-0.225543217144 -0.0998008415113 -1
0.82554601228 -0.178727777312 1
-0.919723554281 -0.582304675417 -1
-0.914222606164 -0.783469079409 -1
0.267916930392 -0.963597093421 -1
-0.521554274212 -0.288531824101 -1
0.719560091541 -0.328116194921 1
-0.23907784812 0.70665756445 1
0.831310587227 0.401993124378 1
0.989068983694 0.886483534533 1
-0.94359772355 -0.662723256518 -1
-0.833118587971 -0.554349895049 -1
0.0900320449834 0.325843715266 1
0.00509109934992 0.199888219326 1
-0.718267404539 0.813586357695 1
0.529197263 -0.311128707634 1
-0.56158352988 0.136037472448 -1
0.576484645354 0.459491532906 1
-0.583927572204 0.322834282172 1
0.544658872214 0.310379564158 1
-0.381780010674 0.631344522523 1
-0.437328462191 -0.0217592897769 -1
-0.81229444882 -0.636990688474 -1
-0.730945407009 0.930416115067 1
0.612908083425 0.844529019601 1
0.189922934354 -0.669023030643 -1
-0.678827565189 0.024312810522 -1
0.218940855341 -0.145117929681 1
0.423783923031 -0.677711394113 -1
-0.221808905068 0.326852279707 1
0.902698698004 0.935018030148 1
-0.295828073595 0.294658637501 1
-0.87250270478 0.552494425924 -1
0.0695929503239 -0.663034772529 -1
-0.709588888722 -0.705337868197 -1
-0.236463880378 -0.571670533932 -1
-0.750839780145 0.0463153412044 -1
0.602747654658 0.740611433505 1
0.218458071029 -0.274750997434 1
0.828762804746 -0.629894409 1
0.717004691489 -0.821093158556 1
0.52113360277 -0.225782233977 1
-0.500622104069 -0.102898474243 -1
-0.23105350575 0.636640708531 1
-0.996752510197 -0.829149881906 -1
0.716168819986 0.886926182036 1
-0.255050494835 -0.0279171918364 -1
-0.498099016178 0.128537375614 -1
0.795975411902 -0.194324627263 1
-0.368331527328 0.297529549284 1
0.0418134344113 -0.647044596766 -1
0.775838544133 -0.164108614496 1
-0.797884485956 -0.250713963235 -1
-0.743407322251 -0.0356888505779 -1
-0.0486204030329 0.154932047859 1
-0.499256792347 -0.0902894254825 -1
-0.459625315415 0.655066496524 1
0.276415485366 -0.711833923672 -1
0.724745115614 -0.311700055028 1
-0.596504399271 -0.883532560831 -1
0.823244316152 -0.122461175705 1
0.412513366345 -0.437564923364 1
-0.934366823925 0.58478351768 -1
0.976339897984 0.763698196969 1
-0.832271768138 0.955005665537 1
-0.800138679332 -0.797133276743 -1
0.852264660898 0.639349915269 1
0.8248774822 0.0446764286409 1
-0.306098403593 -0.997177348507 -1
0.793674851837 -0.910158888114 1
-0.419501554923 -0.84387766867 -1
-0.367670932595 -0.97537296408 -1
-0.663580730415 -0.815033082055 -1
0.0437668816943 -0.963324748113 -1
-0.699652196108 0.378046122851 -1
0.378579444985 -0.0433038741404 1
0.689806904044 0.978885489964 1
-0.475439575787 0.629870049986 1
0.898358629756 0.509576923506 1
0.444250125637 0.237873797921 1
0.505379722815 0.386416567475 1
-0.215141490168 0.471670687651 1
-0.0361805067912 0.969639586198 1
0.132997478403 -0.768719853089 -1
0.162232096135 -0.610195410453 -1
0.779732236345 0.520121911467 1
0.247647945883 0.329123673446 1
0.132865322535 -0.870962383915 -1
0.478183741347 -0.435497780093 1
-0.582643460715 0.539722837921 1
0.727100246534 -0.225211457237 1
0.28155179333 -0.940203217977 -1
-0.166197972203 0.74489081269 1
-0.0685177850754 -0.815977981609 -1
-0.465959106064 -0.419126666264 -1
0.513717799637 -0.451116918124 1
0.00314218257129 0.389547259567 1
0.599233355288 -0.301723091291 1
0.910124266762 -0.250607524909 1
0.0680500994088 -0.327513818562 1
-0.366548688724 0.877699496468 1
0.34416065586 -0.149257422529 1
0.0131620964655 0.667297982141 1
-0.461438264815 -0.473671612066 -1
-0.508626135156 -0.35571948103 -1
-0.968698103692 0.189143707297 -1
-0.467180084474 -0.220377248283 -1
-0.187029174778 0.667780608657 1
0.875504476463 0.308038072362 1
-0.0802053409369 0.174979849841 1
0.235539345526 -0.920431447094 -1
0.704225372765 0.706412199217 1
-0.428397171903 0.895006926947 1
-0.165978008741 0.0581421874115 1
-0.288313316513 -0.546031131633 -1
-0.750839056639 -0.456145096795 -1
0.826985452139 0.332119599826 1
0.56187790171 -0.705714972419 1
0.539461206672 -0.229878619344 1
-0.0378726072345 -0.0321127318392 1
0.134772067575 0.694170840915 1
0.756147652309 0.209510075121 1
-0.672569236938 0.438177438094 1
-0.673433832262 -0.574142412763 -1
0.542976014188 0.963406596423 1
-0.769182195434 -0.327395936753 -1
-0.720639089363 0.160379690702 -1
0.678224388531 0.596877700892 1
-0.685371358511 -0.64844234408 -1
-0.667086227471 -0.255922648623 -1
0.687492735354 0.89190009071 1
-0.899647277264 -0.973578314742 -1
-0.0825068175362 -0.623062031434 -1
-0.0932713103797 0.337626413239 1
0.868567639457 0.10006799947 1
-0.398682039372 -0.569486614338 -1
-0.090862207517 0.0982317985197 1
0.375641289563 -0.424369969175 1
0.159140094651 0.261491221073 1
0.114033865562 0.988566801622 1
0.270329184777 0.709904195387 1
-0.958664855067 -0.536668186529 -1
0.13036216173 0.0444336285765 1
0.422888126476 -0.315902788752 1
-0.00826279087016 0.0349060140069 1
0.478296939665 0.660560091957 1
-0.0567584018395 -0.159827958455 1
-0.81601562746 -0.00964841183052 -1
0.235101701308 0.725554969235 1
-0.163864121052 -0.360442057044 -1
0.958094231512 -0.795766405173 1
-0.112426776235 0.879693214272 1
-0.394092805725 0.212955707364 1
-0.518356899514 0.84054128468 1
0.0755907991786 -0.401412152149 -1
0.117719681338 -0.441738393738 -1
-0.953076683032 -0.559325519877 -1
0.219675041879 0.828978873409 1
0.887846690126 -0.710940823426 1
0.127221732827 -0.144839862087 1
-0.739313781683 0.268820051915 -1
0.582812222907 -0.313227589527 1
-0.992083960536 0.743852913646 1
0.0992077852538 -0.986782235929 -1
0.46201516888 -0.222555792298 1
0.95631970104 -0.00791562231197 1
-0.513852913748 0.971535694971 1
-0.64774567436 -0.132476151659 -1
-0.975891003707 -0.607102644307 -1
-0.404421342637 0.515428364708 1
-0.834527464771 -0.586179492087 -1
-0.808761456084 -0.301038734232 -1
0.94942160041 0.0484588425222 1
-0.0732128650722 -0.493099455071 -1
0.231329304175 0.807559581409 1
-0.110796685588 0.489202765264 1
0.287430958634 0.646477030114 1
-0.0621369270616 0.0454424160692 1
-0.359014828373 -0.51841817326 -1
0.616007746304 -0.638148255395 1
-0.669665430448 0.322407982162 -1
0.438838346995 -0.987560674219 -1
0.806492285551 0.356597774349 1
0.464722258936 0.925725239185 1
-0.585901596503 -0.976830202081 -1
0.767487701667 0.685205690309 1
0.758713831456 -0.846928731189 1
0.60449290011 -0.511139801122 1
-0.0885348586988 0.477424512791 1
0.822963575494 -0.88318804118 1
-0.538304756354 -0.701830249915 -1
-0.308075421801 -0.477786103222 -1
0.323361272561 0.751428646812 1
-0.340789325877 -0.926601279827 -1
-0.714462555959 0.748258420359 1
0.62523323358 0.290380461209 1
0.0740918644323 -0.957781093754 -1
-0.664940951799 -0.540648831265 -1
0.876098764165 0.766200909618 1
0.539349202709 0.320719092802 1
0.101394650659 0.627957902123 1
0.262311392744 -0.150100958618 1
0.754321088918 0.709199601568 1
0.267138442586 0.905976718565 1
-0.645887159145 0.0340310443444 -1
0.450572564418 0.590024314462 1
0.542886833666 0.557914739976 1
0.865599939059 -0.116900298967 1
-0.74012567609 -0.0122041165517 -1
-0.408083652239 -0.00568010674696 -1
-0.867064329799 -0.0232737576925 -1
-0.399638672127 0.445098306294 1
0.401985926828 0.594166669121 1
-0.428231453756 -0.793020795893 -1
-0.44690019254 -0.641719897132 -1
0.0248781804575 -0.671109915575 -1
-0.997739163645 0.824851014843 1
-0.510185404285 -0.679017611609 -1
-0.219102502073 -0.363893488133 -1
0.461076517551 -0.181124705195 1
-0.901858850121 -0.557436410863 -1
-0.521470034185 0.575049651189 1
0.735952089872 -0.316270106377 1
0.979425450929 -0.262506038776 1
-0.467073844661 0.532987814006 1
0.0829693769647 -0.0273525378904 1
-0.946371246681 0.478501438189 -1
0.292734665625 0.296211785312 1
0.16251153598 0.578750067101 1
0.350339308269 0.635373710578 1
0.93106354402 -0.893722740872 1
0.121656275917 -0.760145821179 -1
0.734687229183 0.454772193783 1
0.182953501716 -0.376104136662 1
0.22200173045 0.15309626073 1
0.6590499591 -0.076100319987 1
-0.433040078427 -0.314999354484 -1
0.521051292754 -0.443555935081 1
-0.353685335546 -0.0524844210139 -1
0.318374019278 0.356974417084 1
-0.710362483618 -0.132574501369 -1
-0.272212344411 0.0655516208364 1
0.962321415175 0.94310361564 1
-0.0972763380424 0.818415488486 1
0.140639416406 0.975326881158 1
-0.274906473049 0.242379262723 1
0.573113987005 -0.196105995618 1
0.248878366922 0.121671926751 1
0.236693648136 0.910687549194 1
0.545300926605 -0.305861127874 1
-0.0606375412019 0.351124399276 1
0.0995904233826 -0.632012553617 -1
0.610539271857 0.417627956803 1
-0.66119747376 0.897534310834 1
0.668871388607 0.156695963726 1
0.703405288549 -0.224804737633 1
0.485459788845 0.898590828617 1
0.891896067316 0.612931117512 1
0.266469301127 -0.482303203983 1
-0.793042893156 0.0099471420753 -1
-0.397615546015 -0.215971578932 -1
-0.0458281693173 0.087302684196 1
0.223936968111 0.834010133654 1
-0.420316643193 -0.40497983443 -1
0.44998637919 -0.564467284372 1
-0.258196711275 -0.97675962096 -1
0.590241299343 -0.184366517627 1
0.531374845053 0.174640149403 1
0.903506898447 -0.829578161587 1
-0.0539257809281 0.476555793405 1
-0.830130099972 -0.917031568262 -1
0.429247123563 0.224046985975 1
-0.63907551577 0.978512612561 1
0.56123180415 -0.379373536555 1
0.441166742659 0.171017610836 1
-0.99628755755 -0.499735767939 -1
-0.0418458692406 -0.945901721701 -1
-0.327795297764 0.42426286544 1
0.406362175163 0.0281019471362 1
0.864102043943 0.261914541213 1
-0.780440706058 0.651858281455 1
0.923137482621 -0.309911106608 1
0.319986712282 -0.304145959645 1
-0.679532041711 0.965247988987 1
-0.939875267101 0.114227322358 -1
0.162996580708 -0.655385772251 -1
0.166389347785 0.469324638775 1
-0.463806756412 -0.255055710804 -1
-0.711375234972 0.278207890502 -1
-0.845798118264 0.038498018598 -1
-0.84277499574 -0.400173324654 -1
-0.762102655532 0.749476622903 1
0.332724667455 -0.687174928613 -1
-0.55414791632 -0.697954979099 -1
-0.937220783163 0.177705853269 -1
-0.0149448666654 0.155083750904 1
-0.805412992417 -0.616433001171 -1
-0.465678810914 0.308616928149 1
0.298691665299 0.98298954221 1
0.899238085219 0.568400022307 1
-0.292184272815 -0.377028121739 -1
0.113086585298 -0.079641753181 1
0.527941992298 0.879945927268 1
0.912552430983 -0.593760680509 1
-0.0459715685984 -0.15024206736 1
0.120961772372 0.538176515428 1
0.622398665502 -0.252378369511 1
0.277129526884 -0.394829722756 1
0.457707299845 -0.663776449443 1
0.711415132998 -0.909439645324 1
-0.872413647528 0.835167693914 1
0.640805790375 0.703369315717 1
0.949216168113 0.850918994125 1
0.522843031022 -0.904409763404 -1
-0.5494915888 -0.646427005907 -1
0.286929730867 -0.571696954543 -1
0.399283638864 0.601506730197 1
0.641144446893 -0.463638741489 1
0.629726539867 0.212623373083 1
0.468080949658 0.813080196691 1
-0.114437238983 -0.428902240517 -1
0.910644844727 0.653373388187 1
-0.141487425769 0.722831835078 1
-0.890135322314 -0.644033405855 -1
0.0849508893975 0.479267175002 1
-0.744005285819 -0.000144953720626 -1
0.102082443863 0.893271540698 1
0.326762549715 0.145480138157 1
0.0127887505605 -0.366917222562 -1
0.768328548373 0.282113340027 1
0.188608582758 0.664383955523 1
-0.712392899813 -0.325428684866 -1
0.862987996138 -0.6126833605 1
0.924589121461 -0.714261614935 1
0.0642630007799 -0.36207802063 -1
0.239517257099 -0.603236071937 -1
-0.479763482984 -0.4491752158 -1
-0.43463171712 -0.666230861991 -1
0.315898438397 -0.935764497931 -1
-0.302563190252 0.374984782904 1
0.72670554325 0.675193395061 1
-0.101829596068 -0.725007861703 -1
0.154817741869 0.902692064996 1
-0.765997307382 -0.0128375063811 -1
0.441040501848 0.605375874037 1
-0.229890707975 -0.342651177842 -1
0.713331399314 0.687902653181 1
0.562137838803 0.415987578882 1
0.50866048427 0.234637118008 1
0.349210506723 -0.904388637797 -1
-0.726364197372 0.94627301334 1
0.482132276028 -0.0814937271537 1
0.350045203355 -0.342067221603 1
0.249243925337 -0.117074799788 1
-0.110096521468 0.974196990597 1
0.21992480251 0.665970483219 1
0.510071720442 -0.0670260301959 1
0.360083521532 0.0679345658373 1
0.766176823135 0.0514904786532 1
0.780827581506 -0.407178351311 1
0.621414808793 0.122843193063 1
-0.661961126134 0.393493623685 1
0.431711529693 -0.687984095847 -1
0.715076989431 -0.821810350939 1
0.0209826510976 0.578168354196 1
0.0320733798905 0.698945607732 1
0.0989811383711 0.272617314705 1
0.74243636918 0.0786031386119 1
-0.101313966623 0.154611593057 1
-0.567256404195 -0.924691408357 -1
-0.948900182307 -0.326190597403 -1
0.889116304613 0.354147942769 1
0.789978496166 0.934484008295 1
0.174011936666 -0.215797332233 1
-0.518165354923 -0.928718688019 -1
-0.183770476316 -0.0282279171538 1
-0.376173476108 0.218701031332 1
0.087326454235 -0.6376189827 -1
0.712147670206 0.986592751795 1
0.259325814487 -0.899313446291 -1
0.0271237830667 -0.171608870317 1
-0.209310137461 0.891906615562 1
0.556224850625 0.704767227708 1
0.929729984336 0.673150798151 1
-0.793317233899 0.741692281089 1
0.873153607272 -0.221856887511 1
-0.456422028665 0.68166739614 1
0.51138611095 0.0897827610121 1
-0.214916326268 0.134420191751 1
0.246603546116 -0.369131504557 1
0.613905737476 -0.805615768791 1
-0.892932405847 0.06797512471 -1
-0.412210201434 0.937194668674 1
-0.85677468366 -0.0565919558463 -1
0.715752730114 0.829827578545 1
0.398632043516 0.913516033428 1
-0.6225362834 -0.00991003178309 -1
-0.193822976839 -0.311301943941 -1
0.933454133418 0.906835160297 1
-0.00300593494066 0.109740297672 1
0.110099157435 -0.236631763785 1
0.196017655863 0.0486828772046 1
0.0522324880294 0.973487620839 1
0.639833227359 -0.333885278407 1
0.325442308415 0.689787424739 1
0.242212429302 -0.298984918441 1
0.0821262680994 -0.862966437444 -1
-0.200903364651 -0.279956895472 -1
-0.00113612150792 -0.692088914651 -1
-0.276064193831 0.603367990778 1
0.263413843654 0.229207122078 1
-0.244134937157 -0.678677543948 -1
-0.75055847324 0.744939977059 1
-0.196977143982 0.571864832495 1
-0.844426656193 0.391064935827 -1
0.0364328417049 -0.26503290867 1
0.0460040207015 0.208637928148 1
-0.560110396424 -0.320037327757 -1
0.356307985608 -0.577192195606 1
0.809963092585 0.299834309341 1
-0.239512429668 0.99202197711 1
-0.72543201625 -0.910185934068 -1
0.863339819047 -0.403860297992 1
0.548995741099 -0.811305185273 -1
0.216352885229 0.495442496773 1
-0.0765646035494 -0.194168313962 -1
-0.409210531053 0.00133322980254 -1
-0.447941471108 -0.216569584222 -1
-0.493033629244 -0.838912870127 -1
0.44696129029 -0.468174908684 1
0.582058760633 -0.649891401167 1
-0.819523535054 -0.526000082946 -1
-0.0659725998085 0.252091575992 1
-0.954875409935 -0.559721910648 -1
-0.426532047486 -0.884002172861 -1
-0.767222970269 0.379724568582 -1
0.864897401481 0.435972759056 1
0.164414888498 0.94344783428 1
0.948850474974 -0.0335484131379 1
-0.503080842937 0.79585047596 1
-0.928009449328 0.4465636439 -1
0.014606614525 -0.178089372922 1
-0.872400664435 -0.155825007442 -1
0.781949207807 -0.896533218361 1
-0.555251169733 0.00917956903715 -1
0.920058672233 -0.0300261049828 1
0.874212504948 -0.596026896764 1
0.855123016497 -0.821584832923 1
0.240972138121 0.855326225548 1
-0.698794046571 0.0792089908278 -1
0.458165949377 0.752256217015 1
-0.427302091258 0.474488989974 1
-0.432989728299 -0.961392857623 -1
0.674371622268 0.642192622309 1
-0.329740903249 -0.125023023618 -1
0.0645904800977 0.983300702644 1
0.864059653886 0.600899487596 1
-0.3454476722 0.658884795008 1
0.192779688484 0.106863717245 1
-0.628556651316 0.391383162394 1
-0.841005034321 0.29109266256 -1
-0.317773463251 -0.208935934058 -1
0.404277647693 -0.160705806974 1
-0.86823831503 -0.355125874849 -1
-0.230231578742 0.968837091463 1
0.880913627119 0.184303156538 1
0.719799214411 0.0483755118514 1
-0.368005957458 -0.349399494074 -1
-0.621452122485 -0.872112742188 -1
-0.298329543933 0.48657945071 1
0.465169886121 0.945879880933 1
-0.0977220505484 0.293115534254 1
0.712405115886 0.861335793758 1
0.177480387555 0.225037509807 1
0.487806271627 -0.113330095836 1
0.187126113831 0.591118575813 1
-0.166216867492 -0.0400726556011 1
0.0947764303846 -0.270121198808 1
0.879301034169 0.769550082526 1
-0.379517996727 -0.909063917553 -1
0.574685587703 0.812915065507 1
0.980693284577 -0.516031692092 1
0.918695006184 -0.0450881572129 1
0.0468346080396 -0.782077979005 -1
-0.722060706165 0.0753315782653 -1
-0.946155608134 -0.599930200727 -1
-0.343541590537 -0.329409154501 -1
-0.243442855657 0.113213735579 1
0.403402819958 0.993398278384 1
0.715865843293 0.145968411113 1
-0.290554439066 0.971765850262 1
0.67419201111 -0.293218353109 1
0.671915730838 -0.324139902729 1
0.937587095461 0.311639166874 1
-0.807005489013 -0.706556297316 -1
0.797703899472 -0.120016891142 1
0.399668164668 -0.584373428431 1
-0.0383366194313 -0.0280922746875 1
-0.483761312022 -0.307150972353 -1
0.704044598755 -0.90929160053 1
0.492553306671 0.56921291558 1
0.270893894228 0.160356097972 1
-0.362220110632 0.908526746936 1
0.50500490744 0.870196658192 1
0.336747806517 -0.201661132439 1
0.650426435082 -0.999163428118 -1
-0.526950485584 0.0134013567959 -1
0.228115287706 0.209835787104 1
0.579750366111 0.0592594161224 1
0.526194880325 -0.484225600438 1
-0.655176150693 -0.321606709914 -1
-0.00527668320858 0.529103777407 1
-0.160036802216 0.0803341085438 1
0.71459116481 0.120584858973 1
0.397085893339 0.825459127442 1
-0.633894195253 -0.991336835749 -1
0.351234014711 0.941453782338 1
0.0159454000832 0.610552722669 1
-0.933204881317 -0.728438901274 -1
-0.921696242072 0.528380091134 -1
-0.731740910167 -0.412522350356 -1
-0.99587463114 -0.664243489724 -1
0.1636054322 0.642285912818 1
-0.768244531687 -0.614101217757 -1
-0.988200657912 -0.443907219471 -1
0.803388452109 -0.614683498096 1
0.621533708679 0.494827612072 1
0.869342574867 -0.860134637433 1
0.430375372694 -0.354793123755 1
-0.93334671633 0.441496759122 -1
-0.145707328158 -0.587419262322 -1
-0.717988787539 0.439062343959 1
-0.554864518593 0.334358697244 1
-0.775573521989 0.213302458919 -1
0.80122654185 0.154976610721 1
0.615812688929 -0.0872448233639 1
-0.271036348166 0.677959186291 1
0.347408722194 -0.884206731765 -1
-0.487116599384 -0.757822695073 -1
0.370180774884 0.71450825613 1
-0.356238651326 -0.310191683916 -1
0.452984405986 -0.581319715773 1
0.0810688243346 0.802850498592 1
0.11459728913 0.910725757629 1
-0.985522474986 -0.106671818377 -1
-0.500743597603 -0.356434483693 -1
0.44505979375 -0.719488443266 -1
-0.127827577375 0.748431285732 1
-0.407629135072 0.904034405212 1
0.260726791697 0.781637062086 1
0.422589330507 -0.658014379085 1
-0.913145897877 0.86957636841 1
-0.0765441175052 -0.608396603861 -1
-0.392212253851 0.910035761054 1
-0.847398582087 -0.641080786457 -1
0.325401361182 -0.0804832836492 1
-0.711545540652 0.737550577096 1
-0.737964530209 -0.769074997017 -1
0.335202786346 -0.495900897871 1
-0.21584483596 -0.854539093954 -1
-0.457802984302 0.354192649904 1
-0.0581924763115 0.937383083116 1
-0.340148896799 0.315111019205 1
0.216685283007 0.552611631439 1
0.17272366168 0.149770087529 1
0.400201484138 -0.349551606755 1
0.133690798534 0.479912907524 1
0.458532341655 0.88437208245 1
-0.745149028566 -0.855047499339 -1
-0.737119041391 -0.671467120983 -1
-0.46900006945 -0.798136974417 -1
-0.264356117115 0.970081824039 1
-0.211806458994 -0.154496838944 -1
0.832417754464 0.92467461602 1
0.212941392827 0.341829847845 1
0.759173826313 0.513941297778 1
0.8965062048 -0.384611335281 1
-0.112203987658 0.463452424715 1
-0.797215299884 -0.536517001403 -1
-0.100016609705 -0.643629239107 -1
-0.411870350732 0.0437130807695 -1
-0.462903508159 0.646092427157 1
-0.488739092714 -0.011567874172 -1
0.569589574546 0.717418484999 1
-0.350811337635 -0.77326766337 -1
0.663260813989 0.684396588039 1
-0.59287068303 0.819794002751 1
-0.115340126851 -0.69352963047 -1
0.913732869663 0.351700850118 1
-0.282618763406 -0.40711787003 -1
-0.335646602452 -0.443063446227 -1
0.964839901401 0.943980067302 1
0.32208322696 0.114963169629 1
-0.894212959822 0.922197721014 1
0.984702580749 0.176957109608 1
0.610642804938 0.893334312856 1
0.153492742166 0.585080484422 1
0.708693578012 0.867193871075 1
-0.0100105161893 -0.124864647218 1
0.580506635393 -0.972887766456 -1
-0.375116100446 0.286929262372 1
0.759245815944 -0.0177011172648 1
0.904929582937 -0.927604191886 1
0.604346711441 0.398699945262 1
0.627235341375 -0.377544271154 1
0.623534028209 0.338784750595 1
-0.913299224956 0.64272532702 1
-0.141872932955 -0.0176522041515 1
0.584102331015 -0.37326336278 1
-0.761370817689 -0.295759327259 -1
-0.563021663295 -0.0823733328541 -1
-0.741234586211 0.0766019658967 -1
-0.725794534793 -0.659205376631 -1
0.818784459148 0.217775647053 1
0.0912757111403 -0.612659250244 -1
0.486600442768 0.482433132295 1
0.853560667969 -0.349493672339 1
-0.705388161277 0.000464767741594 -1
-0.0659966904274 -0.212227913148 -1
0.39114385265 -0.271945571696 1
0.252439511207 0.209587853258 1
0.825994945624 -0.351261575112 1
0.805091220909 -0.31209505986 1
0.0689091558389 0.931973176324 1
-0.0673066391029 -0.210657910153 -1
0.524067574828 -0.842303539116 -1
-0.306993676038 0.703487424314 1
-0.389922612542 0.302188060251 1
-0.387584865299 0.536418921616 1
-0.112472250358 -0.617745101935 -1
0.623048279446 0.0321331573997 1
0.272468942378 -0.327776899142 1
0.3533406873 -0.732969051302 -1
-0.111817478343 -0.125445590486 1
0.758037916294 -0.293076865346 1
-0.0270427118937 -0.900207456611 -1
0.685731782219 0.299196287071 1
0.144319782069 0.185883120037 1
-0.0389119403742 -0.461758623109 -1
0.322720920545 -0.800434902725 -1
-0.372634244668 -0.667189224894 -1
0.336232999809 0.990319721203 1
-0.334340064342 -0.75422512863 -1
0.00249926176368 -0.794893170769 -1
-0.638624840284 0.024778871413 -1
0.801673203481 -0.451812716128 1
-0.496171284394 0.777742318925 1
0.184752106433 -0.320238300255 1
0.259440663306 0.370905382801 1
0.919188027105 -0.505075140447 1
-0.446890008188 0.80111153905 1
-0.599663979014 -0.580626888406 -1
0.528508143645 0.664383173277 1
-0.0270895767933 -0.328855181818 -1
0.5108742221 -0.351379912152 1
0.892829733331 -0.81537623193 1
-0.396812400188 0.636136250328 1
-0.922453534744 0.766268316497 1
0.808142774945 -0.133667150887 1
-0.45447426963 -0.90642064249 -1
0.791437456863 -0.92389224855 1
0.502721396945 -0.456287837746 1
-0.717374169011 -0.634273163095 -1
-0.501831888284 -0.817167383946 -1
0.899109172047 -0.407515415122 1
-0.154609265421 -0.773610656892 -1
-0.776313382925 -0.821292361009 -1
-0.891165439958 0.569298480932 -1
0.276133536392 -0.545091846936 -1
0.715035799964 0.692449041587 1
-0.714090712251 0.33790202438 -1
0.373290954875 0.589845220306 1
-0.941252550094 0.96935041821 1
-0.328711336038 -0.360368864057 -1
0.0665246493609 0.828266866906 1
0.31478345568 -0.67533222222 -1
0.334620480089 -0.429883298704 1
-0.681477177922 0.899118507614 1
0.430288248715 0.989435008968 1
-0.294058515159 -0.926851437067 -1
-0.893070029028 0.975066727685 1
0.3448246381 0.824267850919 1
0.408462018702 0.368379768494 1
-0.126359835423 -0.363829689809 -1
-0.831163873598 0.577420909102 1
0.245075101618 -0.972886537236 -1
-0.623540475728 -0.52460170435 -1
0.753135380886 0.75292543663 1
-0.370119338894 0.587653213137 1
0.412670972165 -0.292970067752 1
-0.344402238058 -0.0203880392987 -1
0.836467855349 -0.273722903132 1
-0.219189399434 0.436860414798 1
-0.489708313907 -0.254560108568 -1
0.105590898498 0.735189048696 1
0.385322997058 -0.810460159827 -1
0.462316738732 0.469689873223 1
0.713969430799 -0.303584529786 1
0.712356939048 0.392835831194 1
0.827538146512 0.686524446572 1
0.71425435177 -0.321642832441 1
0.232674377027 0.537764233645 1
0.104940442781 0.997019670129 1
-0.932407859274 0.311708583656 -1
-0.752799635492 0.927140114579 1
0.620273606997 0.755331478351 1
-0.367451198645 -0.369011010961 -1
0.543795808644 0.0158773065049 1
0.88918658473 0.427245014827 1
0.703173376396 0.621243900037 1
0.42232503845 0.962243889232 1
-0.00361038153991 -0.749777808685 -1
-0.0775239243768 0.242250769333 1
0.468072827983 -0.630055098591 1
0.0580250184359 -0.0942591191081 1
0.488909523978 -0.663258602183 1
-0.517282870173 -0.433649552254 -1
0.421279892107 0.256313463743 1
0.179217525987 -0.432779463597 1
0.969323584813 -0.21422169375 1
-0.360478670465 0.902366720364 1
-0.0127256496595 0.656735752064 1
0.378437991409 -0.481059471988 1
-0.0937421432244 -0.333952704333 -1
-0.785712346961 -0.291055628398 -1
-0.886306466207 0.012374275736 -1
0.08809867109 0.663745592843 1
0.455150541568 -0.248051799924 1
0.264248429533 0.319111084117 1
0.170771025297 -0.34141103288 1
0.562419721172 0.423114582001 1
0.175479459999 -0.909170529942 -1
-0.809059014834 0.301837486722 -1
0.840816011848 -0.0716033425268 1
-0.333527298916 0.899625888021 1
0.515884349858 0.732039108797 1
0.488884863264 0.40213039219 1
-0.643393829818 0.0429978541145 -1
0.849340689114 -0.518142891216 1
0.307597914652 0.0885649215076 1
0.211311990782 -0.93040340256 -1
0.388723203251 -0.526148078005 1
-0.550619672728 -0.532196303452 -1
0.843256872981 0.694986510161 1
-0.737894568543 0.755063600803 1
0.151230244119 0.586474560938 1
-0.803174701809 0.288490195742 -1
0.356649452862 0.165712270825 1
0.171401649625 0.219148163727 1
0.95382164548 0.545667904469 1
0.625578494019 0.431030664099 1
0.31025837089 -0.773411213403 -1
0.360359408488 0.822496343633 1
0.545242225323 0.181873973694 1
0.953523165355 -0.953875100412 1
0.331368041845 -0.134034170323 1
-0.327095214745 -0.570065892989 -1
0.801997409593 0.380895303232 1
0.412090539232 -0.627358732822 1
0.932988636136 -0.905891584319 1
-0.0239564280963 -0.139200734636 1
-0.443020943601 0.459610845102 1
-0.440670329574 0.58956011646 1
-0.150943453348 -0.764688505594 -1
-0.575746841147 -0.140234768419 -1
0.658613224544 0.106236010078 1
0.24826316405 0.938615934293 1
0.581370903761 -0.472135305133 1
-0.422295247014 0.0420654636965 -1
0.774579427739 0.842395924917 1
0.460635163877 0.947171052498 1
-0.1041076143 -0.175392570247 -1
-0.884930760218 0.585334233442 -1
0.498107614461 -0.0319766529726 1
0.00838282788893 0.205139937303 1
-0.102590969896 0.434259479124 1
-0.561046965627 0.705860668091 1
-0.382185867271 0.499123842998 1
-0.537429784004 -0.282453709388 -1
-0.87287275435 -0.975141854754 -1
-0.154217007509 0.5117170393 1
-0.935234243861 -0.193265440911 -1
-0.380825637807 -0.588538767774 -1
-0.877100667261 -0.929254050399 -1
-0.795281377302 -0.753451584145 -1
0.359399986999 0.776241579485 1
-0.413898707763 0.987216564579 1
0.628585361411 0.583968581998 1
0.423150791985 -0.388411427789 1
0.310367821142 0.859389887756 1
0.958450926791 -0.786867365852 1
-0.0684711201769 0.884444297453 1
-0.394743764267 0.468915101073 1
0.805180993573 -0.470556692126 1
-0.0740444276594 0.80934218851 1
0.883724968991 -0.907044786406 1
0.108857820471 -0.539544701059 -1
-0.709448475964 0.963025266951 1
0.234607581434 0.55529567863 1
0.533056724054 -0.0804367169623 1
0.303568919406 0.569143528156 1
0.793885487196 -0.218034020784 1
-0.890391569469 0.79190888431 1
0.289487516904 -0.94217797116 -1
0.765317958428 -0.0627915548517 1
-0.357900490009 -0.0504815028756 -1
-0.0824486508533 0.578057827855 1
0.981131998256 -0.0893864841541 1
0.511287911383 0.533352853652 1
-0.314312403744 -0.202191942731 -1
-0.600536330668 0.194361933927 -1
0.365288232622 0.134818978689 1
0.87607935455 -0.244093903777 1
0.481207742638 0.0390581062682 1
0.670377368885 -0.522014250045 1
0.151726814502 0.64262693434 1
-0.898418465272 0.722729908124 1
-0.945299175514 -0.395936014345 -1
-0.173854390502 -0.650970929233 -1
0.794296473857 -0.498516793489 1
-0.122893723494 -0.239654751716 -1
0.015119490648 -0.593728136451 -1
-0.542374151818 -0.872950092386 -1
-0.158724645777 -0.499160808404 -1
-0.150200684978 0.420538656522 1
-0.54992482996 0.460897814841 1
-0.87476866924 -0.0158375725391 -1
0.954882617808 0.552484559075 1
0.287821201915 -0.387965640115 1
0.0062814207775 -0.258618208799 1
-0.55338020105 -0.64868250492 -1
-0.932986894717 0.806114881822 1
0.847194529544 0.171945440907 1
0.505876180417 0.220778900771 1
0.786492539956 -0.783637276901 1
-0.436061940364 -0.137429599912 -1
-0.362847865148 0.438619657721 1
-0.802273829105 -0.596029636303 -1
-0.488759962354 -0.842584653397 -1
0.216222756791 -0.818281001471 -1
-0.551742860165 0.0772121164012 -1
