0.798737806697 -0.909456765857 1
0.949625001152 0.336191223013 1
0.572723291834 0.362280629016 1
0.950993011234 0.753117928553 1
0.99793435421 0.419029441842 1
-0.658197014562 0.6073540528 1
-0.0359488691205 0.706317385372 1
0.701089099735 -0.792120435198 1
0.464712733469 0.865558448348 1
0.797589439943 0.478652602107 1
0.809055361919 0.659238224554 1
-0.208940315447 0.282514290264 1
0.460145095394 -0.299421067467 1
0.675429936814 -0.517758324497 1
0.781525313758 0.262650446656 1
0.624751550158 -0.755665193891 1
-0.304636537783 0.179245743993 1
0.967945311998 0.816826312603 1
0.764635845729 0.547548000036 1
0.246988009912 -0.133373315946 1
0.495601850685 0.867673521954 1
-0.123343295341 -0.126227699564 1
0.701460053976 -0.346506227587 1
-0.529139979317 0.397470394807 1
0.198097926643 0.915764774167 1
0.11319533379 0.525732693254 1
0.207318998691 0.935964716734 1
0.439488948126 0.896698496591 1
0.405090122251 0.709653501749 1
0.922141312841 -0.215948634321 1
0.588250393307 -0.441690170286 1
0.665450075658 0.976633563221 1
0.190837555717 0.848488249068 1
-0.926845688501 0.772503901455 1
-0.828908417045 0.617824497491 1
-0.362541020117 0.969927744315 1
0.723149192368 0.700418726146 1
0.944343791654 -0.894258803608 1
0.401937657278 0.973958067155 1
-0.625495665173 0.705113015781 1
0.933500732584 0.00584399441117 1
0.816972269461 0.496859217901 1
0.367661940689 -0.408894484647 1
0.980174703852 -0.930332904844 1
0.894919106885 -0.598622602252 1
-0.0386823550076 -0.0851500744301 1
0.954622644704 -0.835245941418 1
-0.701974372759 0.995465862387 1
0.220852588702 0.16299901627 1
-0.615384083518 0.521117694982 1
0.177422557283 0.64131356672 1
-0.572194226498 0.936464516341 1
-0.565020527384 0.88013765771 1
0.417098224413 -0.647185127929 1
0.990136331895 0.274402719962 1
0.422130923352 0.315628730265 1
-0.0790137016717 0.395623734803 1
-0.32559616347 0.146382899246 1
0.104073054509 0.168561442461 1
-0.845126237784 0.996759337284 1
-0.995910902159 0.857678777173 1
-0.743918219436 0.591602615775 1
-0.63540542964 0.644774165788 1
0.220016141496 0.753119300351 1
0.99674896328 -0.00433245796818 1
0.0758557885647 -0.308845545624 1
0.546228029337 -0.178843220366 1
0.391298738316 -0.241584844223 1
0.621989341788 -0.827740870006 1
0.902534033129 -0.659890668509 1
0.879905228919 -0.765598948436 1
-0.326122691834 0.0556656433565 1
0.665726497934 0.049661525999 1
-0.604843563884 0.625723650068 1
0.065928251136 0.611090182807 1
0.408641267334 -0.431695816427 1
0.918342271303 -0.119373730351 1
0.484327048096 0.393191882196 1
0.509324716837 -0.171230168822 1
0.679279775711 -0.444690480521 1
-0.47738843837 0.99175032557 1
-0.667830415366 0.876304074106 1
-0.911224840415 0.667289426208 1
0.706397835614 0.304598559377 1
0.396966848618 0.0208003005943 1
-0.599410201735 0.956209316426 1
-0.779194764444 0.750587006126 1
0.527269438587 0.858572824733 1
0.587942254031 -0.251226819458 1
-0.88135492806 0.885065276815 1
0.876927576813 0.036672098659 1
0.172548512872 -0.388039570848 1
0.0985835180417 0.159200641877 1
-0.954449050834 0.936053225083 1
0.594647105602 0.655248422349 1
0.949561649746 -0.0197731318787 1
0.451884883981 -0.280731108393 1
0.139497490879 0.257575370882 1
0.100767886098 0.52454729411 1
0.955546173774 -0.257595815719 1
0.542461464799 -0.0235459581508 1
0.497116865418 0.129523512843 1
0.939598526294 0.0383531495179 1
-0.387417824826 0.125086928506 1
0.23865089865 0.807293707803 1
0.0595495314957 -0.242733371403 1
-0.330301492713 0.168557549284 1
0.666614604653 0.107649410498 1
0.678101422157 -0.028680966201 1
-0.616397412948 0.747197005951 1
-0.238130525256 0.783574057306 1
-0.668796074406 0.586149904935 1
0.133711596732 -0.241308373202 1
0.574125678673 -0.7697127494 1
0.951689389932 -0.321367648169 1
0.779615812472 -0.174485524893 1
-0.165389914645 0.517411681017 1
0.469172495686 0.0319030331913 1
0.488953746876 -0.528773180441 1
0.987291689813 -0.304732432733 1
0.703470413417 -0.297076473142 1
0.305614727056 0.896498250621 1
0.896813533797 0.962117732801 1
0.894740453203 -0.58489373314 1
0.892434599484 -0.472641094869 1
0.0517414618733 -0.243172193607 1
-0.201471351849 0.978846776166 1
0.399973214314 0.779686164123 1
-0.46310697735 0.705967448692 1
0.654496769973 -0.00729491280932 1
-0.690496694614 0.455012101791 1
-0.107605881292 -0.0504843372637 1
-0.495862293042 0.425223143987 1
0.0660975727739 0.339444891142 1
0.23234329124 -0.0903620123134 1
-0.545904551377 0.705482906264 1
0.217078497485 0.222231538936 1
0.570550258435 0.50317687482 1
0.355419413616 0.549487118362 1
-0.24870385805 0.411603040756 1
0.994738210866 0.959622928334 1
-0.33942215012 0.470822057443 1
-0.197903068935 -0.0591321633287 1
-0.554174732313 0.78730909891 1
0.638751059663 0.336162539916 1
0.78513226508 0.0285454753508 1
-0.146122259443 0.876051422603 1
0.777835262719 -0.440635897402 1
-0.0625701049934 -0.094707674565 1
0.634957162363 0.00728862518234 1
0.653977387691 -0.841583635053 1
0.0782758236513 0.182584411712 1
0.160742771062 0.974584302119 1
-0.225241979178 0.291884442727 1
0.548034315411 0.305615343746 1
0.883161936011 -0.12705254861 1
0.831560770331 0.995971280399 1
-0.463488709524 0.721085379679 1
0.848395309036 0.771423709593 1
0.522996384278 0.801420763398 1
0.623432437633 0.402445731181 1
-0.25369292979 0.316806036219 1
-0.757432461429 0.498095978883 1
0.524879062358 0.145582600625 1
0.254167592319 0.457206026927 1
-0.453537097668 0.64897564416 1
0.0262452653062 0.0694723751951 1
0.413151884921 0.664035299534 1
-0.326751714343 0.682263027159 1
0.219206290375 0.111283905742 1
0.284989287373 0.418385987129 1
0.786254212217 -0.261214128745 1
0.555790878157 -0.136247448126 1
0.628548543391 0.765983453691 1
0.805633996977 0.401895920768 1
0.876607717262 0.215786404836 1
0.433626795476 0.618449345984 1
0.141395973801 0.0662922719094 1
0.656424126452 -0.119748810204 1
0.0158661388532 -0.111347298604 1
-0.838639003259 0.947113941142 1
0.82443028484 0.0709237893527 1
0.623706552873 0.395290518246 1
0.871359319416 -0.921629340337 1
0.88271719287 -0.230557022734 1
-0.128606344637 0.415992505442 1
0.890137541659 0.559365392818 1
0.0607986037666 -0.209373249837 1
0.920425551515 -0.544912218869 1
0.327871750347 0.489359654066 1
0.830670876138 -0.395110800023 1
-0.414273451711 0.728169345496 1
-0.731570033671 0.475280156896 1
0.743644435395 0.630218563944 1
0.102380284869 0.609345559251 1
0.973305906467 -0.92866128992 1
0.953441910636 0.0335798770354 1
-0.20128403748 0.625948957956 1
0.558607381609 0.709020348305 1
0.82879769177 0.446995748943 1
0.900969891582 0.267087352738 1
-0.780490573464 0.787550219974 1
0.912272020974 -0.195253776242 1
0.0233419629689 0.132701858496 1
-0.44473235224 0.871511544617 1
-0.436262621394 0.427919796761 1
0.0371306070816 0.320986406021 1
0.424979438755 0.877386041623 1
-0.0275938155301 0.334978533442 1
0.262128784029 0.656242987237 1
0.0147719325825 -0.0849062240147 1
0.134752897136 0.643518737462 1
0.265382046205 -0.182228657047 1
-0.123591763716 0.89991113877 1
0.0956664597148 0.770441083054 1
0.522040019744 0.359331969521 1
0.855176983939 -0.494356748538 1
-0.521681307724 0.562580590788 1
0.868070891923 -0.573741492579 1
0.321474367372 0.718892073678 1
0.176592446393 0.367018111429 1
-0.0923199564497 0.275938870739 1
0.736984946191 -0.292813425949 1
0.867179680804 -0.557900177081 1
0.871290035759 -0.78049382425 1
0.82475431176 -0.55943778174 1
0.335804142695 0.0728207077907 1
0.792746436585 -0.683953934341 1
0.424968853963 -0.454841301422 1
0.667937361405 -0.713099249449 1
0.837622928463 0.914288055697 1
-0.44141877027 0.49156533515 1
0.77626543579 -0.958169609489 1
0.757825460327 -0.527428866018 1
0.223902623713 -0.113668678772 1
-0.998844783842 0.998971695677 1
0.627275266731 -0.784162597483 1
-0.711297113089 0.929343007573 1
-0.112697347272 0.0220490781238 1
0.399868516649 0.763523742182 1
0.185717908419 0.844797178171 1
0.215242962609 -0.115084022949 1
0.876881816541 -0.359947185666 1
0.746743992045 0.691141509392 1
0.385429471961 -0.521992088099 1
0.819699040523 0.397256644727 1
-0.479101554907 0.423142277922 1
-0.424707987738 0.901941572535 1
0.316141626817 -0.201690600257 1
-0.62391246682 0.349559456299 1
0.65701216306 0.41704634632 1
0.044166061308 0.954709169234 1
0.81055247458 -0.0845404215926 1
0.321081058471 0.919527265422 1
0.598780536507 0.274097076884 1
-0.379849842367 0.482936003915 1
-0.15082443286 -0.0715917952086 1
-0.122747961604 0.46043371337 1
0.826609398219 -0.444203368508 1
0.715165817942 -0.204097616209 1
0.7209767188 0.960385517768 1
0.192003612462 0.360340732034 1
0.99103359076 -0.331010878144 1
0.582627871865 -0.0425463364336 1
-0.621988668608 0.790670919159 1
0.686902536888 0.349596585426 1
-0.100716135898 0.467067437834 1
0.408212544972 0.309021814994 1
0.537889971614 0.859045391444 1
-0.132761933535 0.218052869222 1
0.620292791286 -0.0701193308562 1
-0.277890355945 0.525218930805 1
-0.0408467803225 0.0654967863671 1
0.541262699678 0.426523843156 1
0.881088905138 -0.611501662297 1
0.0380332256775 -0.0968676297702 1
0.807697536704 0.259166939646 1
0.264723166734 0.415421904594 1
0.0889925157386 0.980419533759 1
-0.681069042784 0.570098199916 1
0.957324767955 -0.467036500333 1
0.187868084277 0.742543141623 1
0.33699276254 -0.0560764041967 1
0.890920341511 -0.565166931149 1
-0.0340245695956 0.2173290939 1
0.788607862596 0.260561392234 1
0.104752922575 0.178362388936 1
-0.447557554534 0.977174948874 1
0.622767973484 0.980561408315 1
0.593284819771 -0.324244220177 1
0.719854036938 -0.801826336431 1
0.763736264558 0.840862108538 1
0.927726596507 0.438842240523 1
-0.924684405862 0.98605077014 1
0.522453570187 0.92957950298 1
-0.071385460976 0.338717381548 1
-0.130658702686 0.122800389272 1
0.255912078233 0.121397537515 1
0.562913605953 -0.753477479399 1
0.14268970784 0.158541553922 1
0.742429548847 0.764202486708 1
0.699348273826 0.455960083539 1
-0.932688577631 0.848023075579 1
-0.717416277928 0.489819860845 1
-0.323529611365 0.953013030992 1
0.373885265981 0.432194767354 1
0.182119660757 0.406999304 1
0.388756721591 0.472395283966 1
-0.0947872012042 0.457221725921 1
-0.174353140055 0.778616800406 1
-0.352462246907 0.378021767372 1
0.734913741646 -0.314643759828 1
0.572171629164 -0.169264655559 1
0.997734377368 -0.685091907299 1
0.447853420843 0.763346134221 1
-0.253679394099 0.41829612304 1
-0.698818684223 0.895140928007 1
0.503119756066 -0.0397740459541 1
-0.757307582052 0.730192671465 1
0.90054115989 0.379511095096 1
-0.0404077319228 0.46143501443 1
0.948535113138 0.0757041162198 1
0.873421659478 -0.803458798383 1
0.617466290161 0.785081093982 1
0.759817090902 0.552602192551 1
0.534955782771 -0.491037948421 1
-0.00557707159382 -0.0342366887411 1
0.496953448939 0.957564412427 1
-0.792635228554 0.635384428747 1
0.944309339176 0.457507578691 1
-0.00367847621668 0.759188912266 1
0.586702162389 -0.826644192374 1
-0.170246853151 -0.0642813660501 1
0.532531005636 -0.174149996298 1
0.846126455054 0.197421615642 1
-0.312784755727 0.906893902251 1
0.0233832074767 0.78698822315 1
0.769542142824 0.435939502953 1
-0.150711496436 -0.0316950745211 1
-0.725545088253 0.497448748942 1
0.338291424617 0.989719511198 1
0.739384531836 0.905790130736 1
0.375463720898 0.269604451073 1
0.120794338866 -0.276145619279 1
-0.247445669541 0.767529356354 1
0.401823545708 0.623730668647 1
-0.381153389089 0.729018941592 1
0.181665477831 0.458967142312 1
-0.141770506645 0.595713374683 1
0.697855309097 0.845077454361 1
0.449336715042 -0.555684326024 1
-0.510809380849 0.86666548407 1
-0.125741764328 0.820879700625 1
0.981361408144 0.319060700956 1
-0.856876714251 0.726962934573 1
0.159142122838 0.222148431419 1
0.33121925582 0.609391085713 1
0.232155097824 0.104598115275 1
0.184634963137 -0.293191282196 1
-0.111431979001 0.827713713027 1
-0.999496629086 0.996508690111 1
0.821569550572 -0.291309923706 1
-0.505722551683 0.431840051183 1
0.637876134033 -0.849723125399 1
0.17596179419 -0.30742330007 1
0.104964207836 0.662748102555 1
0.21914230857 -0.44053874896 1
0.500343184268 -0.603684867573 1
0.144732115095 -0.00790710858363 1
0.388554664842 0.825643291406 1
0.282396891115 -0.110289316384 1
0.378149664354 0.436031794197 1
0.896488410021 0.489580212398 1
0.835062115646 0.860783722645 1
0.451114941111 0.38502220585 1
0.847113179508 -0.885261736457 1
-0.726164958574 0.662502569863 1
0.453153416605 0.0879143640956 1
-0.923217412287 0.773200792415 1
0.815640850077 0.461978449125 1
0.379662505289 -0.38884840518 1
0.50278531149 0.269187408368 1
0.576838018507 -0.510350382059 1
-0.202930355136 0.708599916227 1
0.703727378532 0.678230489456 1
0.906723402434 0.744473230801 1
0.699495914257 -0.909311191673 1
-0.0723867019258 0.282051829288 1
0.778962911041 -0.65718021222 1
-0.671457118109 0.795044266211 1
0.0461644953863 0.514283793592 1
0.819601248816 0.0417089829396 1
0.923452638591 -0.976729208062 1
0.362052303111 0.00461077173104 1
0.582104871767 -0.649502659803 1
0.36362074937 -0.0347257287611 1
0.498127524886 0.541572972609 1
0.482192245151 0.944816604796 1
0.153080710241 0.699273097307 1
0.0734468570248 0.160765317565 1
0.445879408702 0.473842727315 1
0.316847982139 -0.459175812542 1
0.32079880302 -0.127197318625 1
-0.80497491437 0.669028030326 1
-0.0830301988587 0.269251359312 1
0.840903886357 0.337593729264 1
0.998091236173 0.40352470917 1
-0.379341663658 0.855649600228 1
0.95960489792 -0.545755452175 1
0.141953118062 0.184284027686 1
0.201290553456 0.408917092123 1
-0.175061430414 0.0881533293566 1
-0.470964548181 0.324122628495 1
0.599792896148 0.0323590664303 1
0.0627826633483 0.0104704539726 1
0.413269330992 0.777508271833 1
0.778786245588 -0.617286031925 1
0.473217464019 0.957684491755 1
0.0463374315272 -0.277306822442 1
0.394462834204 0.789459594929 1
-0.292875126955 0.757473168775 1
0.23912112378 0.502056288023 1
-0.0851311929337 0.974920853995 1
0.655822815466 -0.734446801888 1
0.579490264851 0.716814702549 1
-0.239109333014 0.787926840193 1
0.394039804209 0.133141258538 1
0.693540162763 -0.628962089371 1
0.724747529708 0.996285787112 1
-0.431414205407 0.788588427134 1
0.0641042504786 0.644508394004 1
0.404019416828 0.358858138865 1
0.776449274994 -0.843371840398 1
0.23808950283 -0.242991683977 1
0.608848616972 -0.31253371289 1
-0.022309784234 0.992691705351 1
0.611273416362 0.779962427786 1
-0.852090537259 0.666475048018 1
-0.407693113287 0.683513041 1
0.810172817255 0.175592822046 1
0.117598451678 0.942412250213 1
-0.442921441857 0.354097743054 1
0.134401889723 0.674007128658 1
-0.662516779225 0.487687147956 1
-0.227217628165 0.209330437273 1
-0.799999757335 0.521471409171 1
-0.546862297063 0.686584965928 1
0.979514459739 0.0124282463529 1
0.994099866966 -0.979555849475 1
0.60623034918 -0.016834736793 1
0.972388745438 -0.762376123622 1
0.51250248631 0.793085572555 1
-0.426064766164 0.329363356803 1
0.491786029294 0.898822953593 1
-0.547463336137 0.943730715206 1
0.259219676695 0.573218854399 1
0.0394645276055 0.71712662369 1
-0.0776677283382 0.197503562735 1
0.297131539985 0.321303537182 1
0.357042098488 0.799551549876 1
0.79955742963 0.959170299184 1
-0.239068714979 0.692622181454 1
0.527904641381 0.619291057233 1
-0.429582999871 0.562377494297 1
-0.120627286739 0.386542595894 1
-0.455298484206 0.518551556276 1
0.145735140894 -0.308023798434 1
0.7255671797 0.474370440486 1
-0.961286496789 0.885791491718 1
-0.0586583837873 0.684377972495 1
0.330952344118 -0.171931451501 1
0.381325466686 0.706056873558 1
0.470167250292 0.820753181745 1
0.940476098411 0.43532017199 1
0.725998617189 -0.647852939417 1
0.869980672641 -0.741380629082 1
0.905593876924 -0.12170814005 1
-0.0902281628376 -0.148051036929 1
-0.168267541888 0.843929205492 1
0.686099285017 0.365818991375 1
0.355899588177 0.253692780582 1
0.408269391685 0.252671435974 1
0.381751480019 -0.264217032835 1
0.95519402906 0.146820029444 1
0.271953457526 -0.48842260498 1
0.447252317369 0.576011652504 1
0.290339881463 -0.342003244652 1
-0.611192059427 0.576172426319 1
0.944683150801 0.442623300368 1
0.159991289691 0.679979352581 1
0.821289123389 0.92736303616 1
0.782680426768 0.686097882363 1
-0.374529656812 0.403517572943 1
0.536964460384 0.351592198481 1
0.903532642197 0.188882982981 1
0.904247915349 0.975560218644 1
0.14055014944 0.323088766967 1
0.50751263939 -0.339188975273 1
0.400130882993 0.156885684901 1
0.16287216088 -0.33155885249 1
-0.122510113753 0.225089683155 1
0.528271149026 0.113007548381 1
0.904668919031 -0.41336459828 1
-0.513165485391 0.817848169329 1
0.437467564688 0.139857800168 1
0.698022999993 -0.0795614371587 1
0.63722311236 -0.378737122215 1
0.726766201675 0.957894185326 1
0.763657960696 -0.910643533049 1
-0.619832355492 0.929044193548 1
0.107245046695 -0.0405740419352 1
-0.283000105468 0.682571035397 1
0.50669868573 0.282985939405 1
0.501244247509 0.908556375155 1
0.53242330005 0.213689585156 1
0.474176779201 -0.106287836954 1
-0.0545841411726 0.565277436646 1
-0.461575071251 0.842659152907 1
0.0483044760391 0.4079808942 1
0.016710144316 0.498768452817 1
0.54689305658 -0.579685916318 1
-0.720648919628 0.501812752273 1
-0.567359059615 0.429884568655 1
0.797885880435 0.682899715362 1
0.252325806032 0.872612487239 1
0.3292771531 0.939693441103 1
0.812860671985 -0.989567386368 1
0.562587674898 0.545758885587 1
-0.236433881197 0.62302478524 1
-0.0200599281296 0.0385591191483 1
0.444206416264 -0.44849495158 1
0.136357357192 0.0924465684133 1
0.945379524086 0.0782155273506 1
0.0389717084285 0.159453638098 1
-0.685748693377 0.781236482905 1
0.43076902057 -0.597029028106 1
-0.238598084901 0.44280559288 1
0.381558358878 0.611184653325 1
0.552425894214 -0.0438206377449 1
0.744212913455 -0.775664597036 1
0.725727990544 0.142853739537 1
0.792711081762 0.657242360688 1
0.751997414292 -0.763339710306 1
0.313794623126 0.717618920706 1
0.462949237839 -0.484757557099 1
0.174158100969 0.26352510858 1
0.107783496164 0.490467063935 1
-0.256627428045 0.712919936178 1
0.0389257817549 0.27502906259 1
0.574499419384 -0.310486736065 1
0.450651666814 0.698414271703 1
0.75234837043 0.556215163506 1
-0.205503278206 0.946774999742 1
0.715473561486 -0.0593358821207 1
0.770555891017 -0.246127044021 1
0.293031267154 0.207721710364 1
0.508907329609 0.336494009993 1
-0.697260019841 0.495174415743 1
0.164956921286 -0.174797181663 1
-0.196933775854 0.40323621331 1
-0.135491835466 0.337984032429 1
0.232390663737 0.487196777764 1
-0.569885093883 0.593282494683 1
0.50695755918 0.903454855936 1
0.289665611333 0.00716565375544 1
0.106343458748 0.244268055241 1
0.464829970017 0.430738673359 1
0.850246760761 -0.611799243024 1
-0.004731195461 0.3805830089 1
0.870418080333 0.902876977174 1
-0.794693172275 0.585376515624 1
0.6447375692 0.424303041222 1
0.698953592662 0.509524850241 1
-0.254833395899 0.440344588049 1
0.388692665927 -0.212745078626 1
-0.979636910973 0.733739325924 1
0.149976304445 0.784680211239 1
-0.0941012581313 0.681039804576 1
-0.825825730333 0.622146219548 1
-0.588085396696 0.809344450533 1
0.660277266015 0.276583813309 1
0.917419691934 -0.295055482935 1
0.310321634343 0.870881144713 1
0.301925419366 0.0134724773488 1
0.894809867641 0.548857821779 1
-0.986764164899 0.740545674024 1
0.806182961392 -0.353215292876 1
0.607684240912 -0.000461654021367 1
0.166416061903 0.914357672224 1
-0.436268597942 0.388032588792 1
-0.643923076627 0.456147791297 1
0.69116102436 -0.33593306516 1
-0.987317259798 0.937250765318 1
-0.589160592196 0.392573008425 1
0.364293004888 0.596997621558 1
-0.198823262546 0.30690649286 1
0.910819448023 -0.932657128354 1
0.497407857713 0.9224534813 1
0.199713349221 0.753312059447 1
0.270337467462 0.135432687697 1
0.0867482372793 -0.0213946200602 1
0.566914277185 0.603037984324 1
0.945413165714 0.968674348534 1
-0.864149914899 0.620430471 1
0.47923168943 0.79182682944 1
-0.485734758288 0.212829151949 1
0.235475780565 0.672215967547 1
0.178167621462 0.94054661252 1
0.462126897387 -0.107375851742 1
0.685735929245 0.122487213204 1
0.923089475958 0.787333119674 1
-0.693019184102 0.751056086023 1
0.754014139011 -0.779301896525 1
0.453825289457 0.308174796773 1
0.799284770927 0.274787378737 1
-0.354320436442 0.649215334277 1
0.850714610469 -0.810979975731 1
-0.39083572614 0.928421599864 1
-0.449359536099 0.464418007269 1
0.531505463985 -0.444614342428 1
0.865503389553 -0.820086957647 1
-0.12642156183 0.804838047662 1
0.177507202461 0.358866821801 1
0.646179381588 -0.014307188249 1
0.104735028393 0.149011038402 1
-0.417774873028 0.840571124668 1
0.973211489906 -0.709846131663 1
0.173798603594 0.353830520704 1
0.279331087163 -0.0142862245666 1
0.990175534541 -0.754012881511 1
0.494000675962 -0.389544905902 1
0.83377318751 0.821973757777 1
0.799669199921 0.256117682907 1
-0.226404612542 0.673321928956 1
-0.377661534492 0.88551605805 1
0.829389155208 0.959911458108 1
-0.660508635962 0.420268229405 1
0.879923586883 -0.882783693034 1
0.942460662473 -0.557011120454 1
0.560906108885 0.571673499077 1
0.27193300978 0.134789091581 1
0.358667592394 0.869474543916 1
0.663052497086 -0.432233095768 1
0.431556140259 0.348660901728 1
0.243110276787 0.569569244715 1
-0.512089420782 0.290384435452 1
-0.0661828783187 0.85449297912 1
0.398625875229 0.0838789671433 1
-0.202312140664 0.831999730476 1
-0.56184565731 0.947442661929 1
-0.860339186528 0.691640008265 1
0.119281369572 0.862538733998 1
-0.759832106271 0.573934279746 1
0.0768269732587 0.569345928271 1
-0.972979679032 0.837817414953 1
-0.053294326578 -0.154743891954 1
0.42088533543 0.155631666641 1
0.378721093823 0.58341993428 1
0.831567643121 0.813111369852 1
-0.502396277387 0.553877489281 1
0.747526785303 -0.0893390825337 1
0.747272847871 0.972799146853 1
0.759858342462 -0.256400436124 1
0.298327373579 0.315534798274 1
0.659146077599 0.448619337988 1
0.721764306503 -0.677048784224 1
-0.40376283976 0.702339415521 1
-0.454202279194 0.232500087573 1
-0.665256416217 0.893242056783 1
-0.66172350231 0.981867567269 1
0.1556869273 0.93904253513 1
0.378024752241 0.147502834314 1
0.591999389061 -0.633993108503 1
0.702156357559 -0.602106909775 1
0.380730136226 0.154827367 1
-0.0096094427973 0.996550603379 1
-0.7087646534 0.72205703048 1
-0.449761980249 0.656118448773 1
0.450980389765 -0.334453335882 1
0.732420989377 -0.723460754909 1
-0.162370645307 0.266306300969 1
0.0197500432368 0.938840138635 1
0.326974533834 -0.28256257647 1
0.89855428182 -0.846674609916 1
0.0713692685644 -0.12192890986 1
0.775572792177 0.0138784719819 1
0.854622730331 -0.681323809516 1
-0.776822433968 0.587999894102 1
0.717381340181 0.851628434087 1
0.765568698132 -0.124528668931 1
0.00992243014313 0.944465018552 1
0.82554601228 -0.178727777312 1
0.719560091541 -0.328116194921 1
-0.23907784812 0.70665756445 1
0.831310587227 0.401993124378 1
0.989068983694 0.886483534533 1
0.0900320449834 0.325843715266 1
0.00509109934992 0.199888219326 1
-0.718267404539 0.813586357695 1
0.529197263 -0.311128707634 1
0.576484645354 0.459491532906 1
-0.583927572204 0.322834282172 1
0.544658872214 0.310379564158 1
-0.381780010674 0.631344522523 1
-0.730945407009 0.930416115067 1
0.612908083425 0.844529019601 1
0.218940855341 -0.145117929681 1
-0.221808905068 0.326852279707 1
0.902698698004 0.935018030148 1
-0.295828073595 0.294658637501 1
0.602747654658 0.740611433505 1
0.218458071029 -0.274750997434 1
0.828762804746 -0.629894409 1
0.717004691489 -0.821093158556 1
0.52113360277 -0.225782233977 1
-0.23105350575 0.636640708531 1
0.716168819986 0.886926182036 1
0.795975411902 -0.194324627263 1
-0.368331527328 0.297529549284 1
0.775838544133 -0.164108614496 1
-0.0486204030329 0.154932047859 1
-0.459625315415 0.655066496524 1
0.724745115614 -0.311700055028 1
0.823244316152 -0.122461175705 1
0.412513366345 -0.437564923364 1
0.976339897984 0.763698196969 1
-0.832271768138 0.955005665537 1
0.852264660898 0.639349915269 1
0.8248774822 0.0446764286409 1
0.793674851837 -0.910158888114 1
0.378579444985 -0.0433038741404 1
0.689806904044 0.978885489964 1
-0.475439575787 0.629870049986 1
0.898358629756 0.509576923506 1
0.444250125637 0.237873797921 1
0.505379722815 0.386416567475 1
-0.215141490168 0.471670687651 1
-0.0361805067912 0.969639586198 1
0.779732236345 0.520121911467 1
0.247647945883 0.329123673446 1
0.478183741347 -0.435497780093 1
-0.582643460715 0.539722837921 1
0.727100246534 -0.225211457237 1
-0.166197972203 0.74489081269 1
0.513717799637 -0.451116918124 1
0.00314218257129 0.389547259567 1
0.599233355288 -0.301723091291 1
0.910124266762 -0.250607524909 1
0.0680500994088 -0.327513818562 1
-0.366548688724 0.877699496468 1
0.34416065586 -0.149257422529 1
0.0131620964655 0.667297982141 1
-0.187029174778 0.667780608657 1
0.875504476463 0.308038072362 1
-0.0802053409369 0.174979849841 1
0.704225372765 0.706412199217 1
-0.428397171903 0.895006926947 1
-0.165978008741 0.0581421874115 1
0.826985452139 0.332119599826 1
0.56187790171 -0.705714972419 1
0.539461206672 -0.229878619344 1
-0.0378726072345 -0.0321127318392 1
0.134772067575 0.694170840915 1
0.756147652309 0.209510075121 1
-0.672569236938 0.438177438094 1
0.542976014188 0.963406596423 1
0.678224388531 0.596877700892 1
0.687492735354 0.89190009071 1
-0.0932713103797 0.337626413239 1
0.868567639457 0.10006799947 1
-0.090862207517 0.0982317985197 1
0.375641289563 -0.424369969175 1
0.159140094651 0.261491221073 1
0.114033865562 0.988566801622 1
0.270329184777 0.709904195387 1
0.13036216173 0.0444336285765 1
0.422888126476 -0.315902788752 1
-0.00826279087016 0.0349060140069 1
0.478296939665 0.660560091957 1
-0.0567584018395 -0.159827958455 1
0.235101701308 0.725554969235 1
0.958094231512 -0.795766405173 1
-0.112426776235 0.879693214272 1
-0.394092805725 0.212955707364 1
-0.518356899514 0.84054128468 1
0.219675041879 0.828978873409 1
0.887846690126 -0.710940823426 1
0.127221732827 -0.144839862087 1
0.582812222907 -0.313227589527 1
-0.992083960536 0.743852913646 1
0.46201516888 -0.222555792298 1
0.95631970104 -0.00791562231197 1
-0.513852913748 0.971535694971 1
-0.404421342637 0.515428364708 1
0.94942160041 0.0484588425222 1
0.231329304175 0.807559581409 1
-0.110796685588 0.489202765264 1
0.287430958634 0.646477030114 1
-0.0621369270616 0.0454424160692 1
0.616007746304 -0.638148255395 1
0.806492285551 0.356597774349 1
0.464722258936 0.925725239185 1
0.767487701667 0.685205690309 1
0.758713831456 -0.846928731189 1
0.60449290011 -0.511139801122 1
-0.0885348586988 0.477424512791 1
0.822963575494 -0.88318804118 1
0.323361272561 0.751428646812 1
-0.714462555959 0.748258420359 1
0.62523323358 0.290380461209 1
0.876098764165 0.766200909618 1
0.539349202709 0.320719092802 1
0.101394650659 0.627957902123 1
0.262311392744 -0.150100958618 1
0.754321088918 0.709199601568 1
0.267138442586 0.905976718565 1
0.450572564418 0.590024314462 1
0.542886833666 0.557914739976 1
0.865599939059 -0.116900298967 1
-0.399638672127 0.445098306294 1
0.401985926828 0.594166669121 1
-0.997739163645 0.824851014843 1
0.461076517551 -0.181124705195 1
-0.521470034185 0.575049651189 1
0.735952089872 -0.316270106377 1
0.979425450929 -0.262506038776 1
-0.467073844661 0.532987814006 1
0.0829693769647 -0.0273525378904 1
0.292734665625 0.296211785312 1
0.16251153598 0.578750067101 1
0.350339308269 0.635373710578 1
0.93106354402 -0.893722740872 1
0.734687229183 0.454772193783 1
0.182953501716 -0.376104136662 1
0.22200173045 0.15309626073 1
0.6590499591 -0.076100319987 1
0.521051292754 -0.443555935081 1
0.318374019278 0.356974417084 1
-0.272212344411 0.0655516208364 1
0.962321415175 0.94310361564 1
-0.0972763380424 0.818415488486 1
0.140639416406 0.975326881158 1
-0.274906473049 0.242379262723 1
0.573113987005 -0.196105995618 1
0.248878366922 0.121671926751 1
0.236693648136 0.910687549194 1
0.545300926605 -0.305861127874 1
-0.0606375412019 0.351124399276 1
0.610539271857 0.417627956803 1
-0.66119747376 0.897534310834 1
0.668871388607 0.156695963726 1
0.703405288549 -0.224804737633 1
0.485459788845 0.898590828617 1
0.891896067316 0.612931117512 1
0.266469301127 -0.482303203983 1
-0.0458281693173 0.087302684196 1
0.223936968111 0.834010133654 1
0.44998637919 -0.564467284372 1
0.590241299343 -0.184366517627 1
0.531374845053 0.174640149403 1
0.903506898447 -0.829578161587 1
-0.0539257809281 0.476555793405 1
0.429247123563 0.224046985975 1
-0.63907551577 0.978512612561 1
0.56123180415 -0.379373536555 1
0.441166742659 0.171017610836 1
-0.327795297764 0.42426286544 1
0.406362175163 0.0281019471362 1
0.864102043943 0.261914541213 1
-0.780440706058 0.651858281455 1
0.923137482621 -0.309911106608 1
0.319986712282 -0.304145959645 1
-0.679532041711 0.965247988987 1
0.166389347785 0.469324638775 1
-0.762102655532 0.749476622903 1
-0.0149448666654 0.155083750904 1
-0.465678810914 0.308616928149 1
0.298691665299 0.98298954221 1
0.899238085219 0.568400022307 1
0.113086585298 -0.079641753181 1
0.527941992298 0.879945927268 1
0.912552430983 -0.593760680509 1
-0.0459715685984 -0.15024206736 1
0.120961772372 0.538176515428 1
0.622398665502 -0.252378369511 1
0.277129526884 -0.394829722756 1
0.457707299845 -0.663776449443 1
0.711415132998 -0.909439645324 1
-0.872413647528 0.835167693914 1
0.640805790375 0.703369315717 1
0.949216168113 0.850918994125 1
0.399283638864 0.601506730197 1
0.641144446893 -0.463638741489 1
0.629726539867 0.212623373083 1
0.468080949658 0.813080196691 1
0.910644844727 0.653373388187 1
-0.141487425769 0.722831835078 1
0.0849508893975 0.479267175002 1
0.102082443863 0.893271540698 1
0.326762549715 0.145480138157 1
0.768328548373 0.282113340027 1
0.188608582758 0.664383955523 1
0.862987996138 -0.6126833605 1
0.924589121461 -0.714261614935 1
-0.302563190252 0.374984782904 1
0.72670554325 0.675193395061 1
0.154817741869 0.902692064996 1
0.441040501848 0.605375874037 1
0.713331399314 0.687902653181 1
0.562137838803 0.415987578882 1
0.50866048427 0.234637118008 1
-0.726364197372 0.94627301334 1
0.482132276028 -0.0814937271537 1
0.350045203355 -0.342067221603 1
0.249243925337 -0.117074799788 1
-0.110096521468 0.974196990597 1
0.21992480251 0.665970483219 1
0.510071720442 -0.0670260301959 1
0.360083521532 0.0679345658373 1
0.766176823135 0.0514904786532 1
0.780827581506 -0.407178351311 1
0.621414808793 0.122843193063 1
-0.661961126134 0.393493623685 1
0.715076989431 -0.821810350939 1
0.0209826510976 0.578168354196 1
0.0320733798905 0.698945607732 1
0.0989811383711 0.272617314705 1
0.74243636918 0.0786031386119 1
-0.101313966623 0.154611593057 1
0.889116304613 0.354147942769 1
0.789978496166 0.934484008295 1
0.174011936666 -0.215797332233 1
-0.183770476316 -0.0282279171538 1
-0.376173476108 0.218701031332 1
0.712147670206 0.986592751795 1
0.0271237830667 -0.171608870317 1
-0.209310137461 0.891906615562 1
0.556224850625 0.704767227708 1
0.929729984336 0.673150798151 1
-0.793317233899 0.741692281089 1
0.873153607272 -0.221856887511 1
-0.456422028665 0.68166739614 1
0.51138611095 0.0897827610121 1
-0.214916326268 0.134420191751 1
0.246603546116 -0.369131504557 1
0.613905737476 -0.805615768791 1
-0.412210201434 0.937194668674 1
0.715752730114 0.829827578545 1
0.398632043516 0.913516033428 1
0.933454133418 0.906835160297 1
-0.00300593494066 0.109740297672 1
0.110099157435 -0.236631763785 1
0.196017655863 0.0486828772046 1
0.0522324880294 0.973487620839 1
0.639833227359 -0.333885278407 1
0.325442308415 0.689787424739 1
0.242212429302 -0.298984918441 1
-0.276064193831 0.603367990778 1
0.263413843654 0.229207122078 1
-0.75055847324 0.744939977059 1
-0.196977143982 0.571864832495 1
0.0364328417049 -0.26503290867 1
0.0460040207015 0.208637928148 1
0.356307985608 -0.577192195606 1
0.809963092585 0.299834309341 1
-0.239512429668 0.99202197711 1
0.863339819047 -0.403860297992 1
0.216352885229 0.495442496773 1
0.44696129029 -0.468174908684 1
0.582058760633 -0.649891401167 1
-0.0659725998085 0.252091575992 1
0.864897401481 0.435972759056 1
0.164414888498 0.94344783428 1
0.948850474974 -0.0335484131379 1
-0.503080842937 0.79585047596 1
0.014606614525 -0.178089372922 1
0.781949207807 -0.896533218361 1
0.920058672233 -0.0300261049828 1
0.874212504948 -0.596026896764 1
0.855123016497 -0.821584832923 1
0.240972138121 0.855326225548 1
0.458165949377 0.752256217015 1
-0.427302091258 0.474488989974 1
0.674371622268 0.642192622309 1
0.0645904800977 0.983300702644 1
0.864059653886 0.600899487596 1
-0.3454476722 0.658884795008 1
0.192779688484 0.106863717245 1
-0.628556651316 0.391383162394 1
0.404277647693 -0.160705806974 1
-0.230231578742 0.968837091463 1
0.880913627119 0.184303156538 1
0.719799214411 0.0483755118514 1
-0.298329543933 0.48657945071 1
0.465169886121 0.945879880933 1
-0.0977220505484 0.293115534254 1
0.712405115886 0.861335793758 1
0.177480387555 0.225037509807 1
0.487806271627 -0.113330095836 1
0.187126113831 0.591118575813 1
-0.166216867492 -0.0400726556011 1
0.0947764303846 -0.270121198808 1
0.879301034169 0.769550082526 1
0.574685587703 0.812915065507 1
0.980693284577 -0.516031692092 1
0.918695006184 -0.0450881572129 1
-0.243442855657 0.113213735579 1
0.403402819958 0.993398278384 1
0.715865843293 0.145968411113 1
-0.290554439066 0.971765850262 1
0.67419201111 -0.293218353109 1
0.671915730838 -0.324139902729 1
0.937587095461 0.311639166874 1
0.797703899472 -0.120016891142 1
0.399668164668 -0.584373428431 1
-0.0383366194313 -0.0280922746875 1
0.704044598755 -0.90929160053 1
0.492553306671 0.56921291558 1
0.270893894228 0.160356097972 1
-0.362220110632 0.908526746936 1
0.50500490744 0.870196658192 1
0.336747806517 -0.201661132439 1
0.228115287706 0.209835787104 1
0.579750366111 0.0592594161224 1
0.526194880325 -0.484225600438 1
-0.00527668320858 0.529103777407 1
-0.160036802216 0.0803341085438 1
0.71459116481 0.120584858973 1
0.397085893339 0.825459127442 1
0.351234014711 0.941453782338 1
0.0159454000832 0.610552722669 1
0.1636054322 0.642285912818 1
0.803388452109 -0.614683498096 1
0.621533708679 0.494827612072 1
0.869342574867 -0.860134637433 1
0.430375372694 -0.354793123755 1
-0.717988787539 0.439062343959 1
-0.554864518593 0.334358697244 1
0.80122654185 0.154976610721 1
0.615812688929 -0.0872448233639 1
-0.271036348166 0.677959186291 1
0.370180774884 0.71450825613 1
0.452984405986 -0.581319715773 1
0.0810688243346 0.802850498592 1
0.11459728913 0.910725757629 1
-0.127827577375 0.748431285732 1
-0.407629135072 0.904034405212 1
0.260726791697 0.781637062086 1
0.422589330507 -0.658014379085 1
-0.913145897877 0.86957636841 1
-0.392212253851 0.910035761054 1
0.325401361182 -0.0804832836492 1
-0.711545540652 0.737550577096 1
0.335202786346 -0.495900897871 1
-0.457802984302 0.354192649904 1
-0.0581924763115 0.937383083116 1
-0.340148896799 0.315111019205 1
0.216685283007 0.552611631439 1
0.17272366168 0.149770087529 1
0.400201484138 -0.349551606755 1
0.133690798534 0.479912907524 1
0.458532341655 0.88437208245 1
-0.264356117115 0.970081824039 1
0.832417754464 0.92467461602 1
0.212941392827 0.341829847845 1
0.759173826313 0.513941297778 1
0.8965062048 -0.384611335281 1
-0.112203987658 0.463452424715 1
-0.462903508159 0.646092427157 1
0.569589574546 0.717418484999 1
0.663260813989 0.684396588039 1
-0.59287068303 0.819794002751 1
0.913732869663 0.351700850118 1
0.964839901401 0.943980067302 1
0.32208322696 0.114963169629 1
-0.894212959822 0.922197721014 1
0.984702580749 0.176957109608 1
0.610642804938 0.893334312856 1
0.153492742166 0.585080484422 1
0.708693578012 0.867193871075 1
-0.0100105161893 -0.124864647218 1
-0.375116100446 0.286929262372 1
0.759245815944 -0.0177011172648 1
0.904929582937 -0.927604191886 1
0.604346711441 0.398699945262 1
0.627235341375 -0.377544271154 1
0.623534028209 0.338784750595 1
-0.913299224956 0.64272532702 1
-0.141872932955 -0.0176522041515 1
0.584102331015 -0.37326336278 1
0.818784459148 0.217775647053 1
0.486600442768 0.482433132295 1
0.853560667969 -0.349493672339 1
0.39114385265 -0.271945571696 1
0.252439511207 0.209587853258 1
0.825994945624 -0.351261575112 1
0.805091220909 -0.31209505986 1
0.0689091558389 0.931973176324 1
-0.306993676038 0.703487424314 1
-0.389922612542 0.302188060251 1
-0.387584865299 0.536418921616 1
0.623048279446 0.0321331573997 1
0.272468942378 -0.327776899142 1
-0.111817478343 -0.125445590486 1
0.758037916294 -0.293076865346 1
0.685731782219 0.299196287071 1
0.144319782069 0.185883120037 1
0.336232999809 0.990319721203 1
0.801673203481 -0.451812716128 1
-0.496171284394 0.777742318925 1
0.184752106433 -0.320238300255 1
0.259440663306 0.370905382801 1
0.919188027105 -0.505075140447 1
-0.446890008188 0.80111153905 1
0.528508143645 0.664383173277 1
0.5108742221 -0.351379912152 1
0.892829733331 -0.81537623193 1
-0.396812400188 0.636136250328 1
-0.922453534744 0.766268316497 1
0.808142774945 -0.133667150887 1
0.791437456863 -0.92389224855 1
0.502721396945 -0.456287837746 1
0.899109172047 -0.407515415122 1
0.715035799964 0.692449041587 1
0.373290954875 0.589845220306 1
-0.941252550094 0.96935041821 1
0.0665246493609 0.828266866906 1
0.334620480089 -0.429883298704 1
-0.681477177922 0.899118507614 1
0.430288248715 0.989435008968 1
-0.893070029028 0.975066727685 1
0.3448246381 0.824267850919 1
0.408462018702 0.368379768494 1
-0.831163873598 0.577420909102 1
0.753135380886 0.75292543663 1
-0.370119338894 0.587653213137 1
0.412670972165 -0.292970067752 1
0.836467855349 -0.273722903132 1
-0.219189399434 0.436860414798 1
0.105590898498 0.735189048696 1
0.462316738732 0.469689873223 1
0.713969430799 -0.303584529786 1
0.712356939048 0.392835831194 1
0.827538146512 0.686524446572 1
0.71425435177 -0.321642832441 1
0.232674377027 0.537764233645 1
0.104940442781 0.997019670129 1
-0.752799635492 0.927140114579 1
0.620273606997 0.755331478351 1
0.543795808644 0.0158773065049 1
0.88918658473 0.427245014827 1
0.703173376396 0.621243900037 1
0.42232503845 0.962243889232 1
-0.0775239243768 0.242250769333 1
0.468072827983 -0.630055098591 1
0.0580250184359 -0.0942591191081 1
0.488909523978 -0.663258602183 1
0.421279892107 0.256313463743 1
0.179217525987 -0.432779463597 1
0.969323584813 -0.21422169375 1
-0.360478670465 0.902366720364 1
-0.0127256496595 0.656735752064 1
0.378437991409 -0.481059471988 1
0.08809867109 0.663745592843 1
0.455150541568 -0.248051799924 1
0.264248429533 0.319111084117 1
0.170771025297 -0.34141103288 1
0.562419721172 0.423114582001 1
0.840816011848 -0.0716033425268 1
-0.333527298916 0.899625888021 1
0.515884349858 0.732039108797 1
0.488884863264 0.40213039219 1
0.849340689114 -0.518142891216 1
0.307597914652 0.0885649215076 1
0.388723203251 -0.526148078005 1
0.843256872981 0.694986510161 1
-0.737894568543 0.755063600803 1
0.151230244119 0.586474560938 1
0.356649452862 0.165712270825 1
0.171401649625 0.219148163727 1
0.95382164548 0.545667904469 1
0.625578494019 0.431030664099 1
0.360359408488 0.822496343633 1
0.545242225323 0.181873973694 1
0.953523165355 -0.953875100412 1
0.331368041845 -0.134034170323 1
0.801997409593 0.380895303232 1
0.412090539232 -0.627358732822 1
0.932988636136 -0.905891584319 1
-0.0239564280963 -0.139200734636 1
-0.443020943601 0.459610845102 1
-0.440670329574 0.58956011646 1
0.658613224544 0.106236010078 1
0.24826316405 0.938615934293 1
0.581370903761 -0.472135305133 1
0.774579427739 0.842395924917 1
0.460635163877 0.947171052498 1
0.498107614461 -0.0319766529726 1
0.00838282788893 0.205139937303 1
-0.102590969896 0.434259479124 1
-0.561046965627 0.705860668091 1
-0.382185867271 0.499123842998 1
-0.154217007509 0.5117170393 1
0.359399986999 0.776241579485 1
-0.413898707763 0.987216564579 1
0.628585361411 0.583968581998 1
0.423150791985 -0.388411427789 1
0.310367821142 0.859389887756 1
0.958450926791 -0.786867365852 1
-0.0684711201769 0.884444297453 1
-0.394743764267 0.468915101073 1
0.805180993573 -0.470556692126 1
-0.0740444276594 0.80934218851 1
0.883724968991 -0.907044786406 1
-0.709448475964 0.963025266951 1
0.234607581434 0.55529567863 1
0.533056724054 -0.0804367169623 1
0.303568919406 0.569143528156 1
0.793885487196 -0.218034020784 1
-0.890391569469 0.79190888431 1
0.765317958428 -0.0627915548517 1
-0.0824486508533 0.578057827855 1
0.981131998256 -0.0893864841541 1
0.511287911383 0.533352853652 1
0.365288232622 0.134818978689 1
0.87607935455 -0.244093903777 1
0.481207742638 0.0390581062682 1
0.670377368885 -0.522014250045 1
0.151726814502 0.64262693434 1
-0.898418465272 0.722729908124 1
0.794296473857 -0.498516793489 1
-0.150200684978 0.420538656522 1
-0.54992482996 0.460897814841 1
0.954882617808 0.552484559075 1
0.287821201915 -0.387965640115 1
0.0062814207775 -0.258618208799 1
-0.932986894717 0.806114881822 1
0.847194529544 0.171945440907 1
0.505876180417 0.220778900771 1
0.786492539956 -0.783637276901 1
-0.362847865148 0.438619657721 1
