-0.566195659327 0.968416042848 1 1
-0.168688580358 -0.00905884434603 1 1
-0.648138127226 -0.34260346953 1 1
0.214995082715 0.171463357194 1 1
0.442367798088 0.763804901827 1 1
0.0588944007967 0.172924140476 1 1
-0.418289228187 0.0663646272695 1 1
-0.469973122917 -0.393508517396 1 1
-0.395733552016 0.214850499139 1 1
-0.929423491719 -0.240745773474 1 1
-0.276648144687 0.999315639922 1 1
0.236207504278 0.0125970090718 1 1
0.983219691603 0.763396790628 1 1
-0.0608635902965 0.190937240252 1 1
-0.442853015657 0.190665537474 1 1
0.181878844381 0.281843068384 1 1
0.719358167531 0.662427632937 1 1
-0.637905890238 -0.293622380819 1 1
-0.175926872929 0.119321252022 1 1
-0.196648416373 0.114103949736 1 1
0.394128221952 0.857963362135 1 1
-0.388126068607 0.0626536704815 1 1
-0.897441525697 -0.60899898026 1 1
-0.873322165649 0.461662616213 1 1
-0.519685253655 -0.349195456456 1 1
-0.0175248926495 0.879313755192 1 1
0.940523785028 0.234033807208 1 1
-0.670935568478 -0.0564575268712 1 1
-0.329939167388 0.828269459417 1 1
0.0352676565586 0.623151270232 1 1
-0.149894874333 -0.33048404678 1 1
-0.47013309595 0.617502980892 1 1
0.584689503469 0.793960030077 1 1
-0.773150263309 0.880220047356 1 1
-0.502680469586 -0.473475268351 1 1
-0.092598959028 0.146821074587 1 1
0.0581834085403 0.319709400737 1 1
-0.583265389421 0.511388032102 1 1
0.382407241835 0.220791635467 1 1
-0.869328849763 0.553737695547 1 1
-0.906462139952 0.205189764777 1 1
-0.951717709629 0.883012247029 1 1
-0.632128044367 -0.428849854234 1 1
0.224399988849 0.723735656296 1 1
-0.866889277676 -0.245296230312 1 1
-0.0808110812272 0.730612127926 1 1
0.660973549891 0.790632996327 1 1
-0.403072002389 -0.582604853011 1 1
-0.567618220385 0.44013713365 1 1
-0.259525735297 0.429625558046 1 1
-0.718211303538 -0.413429655417 1 1
-0.11862626849 0.844454381673 1 1
-0.198324802316 0.820914685931 1 1
0.672044474125 0.60583574127 1 1
0.505099160369 0.173289452947 1 1
-0.428782931294 0.783242533142 1 1
0.419437279378 0.991271801251 1 1
-0.896920758707 0.981991050717 1 1
-0.538943114879 0.631457028178 1 1
-0.869477667643 -0.480049860185 1 1
-0.366009119678 -0.0826242053792 1 1
0.639384851068 0.704199178064 1 1
0.227751335386 -0.265388946395 1 1
-0.0163045223045 0.14318111526 1 1
0.762381556047 -0.0541568354549 1 1
0.538953369608 0.626116051985 1 1
-0.737809042278 0.438341369555 1 1
0.87653062992 0.477524992515 1 1
-0.0129631502137 0.685826206664 1 1
0.0717448496451 0.842281859149 1 1
-0.68574553843 0.166528427221 1 1
-0.101895790847 0.47775927686 1 1
-0.935033532108 0.135532517127 1 1
0.615091090996 0.504626055489 1 1
0.644170783506 0.13944292387 1 1
0.909505208556 0.511258381883 1 1
-0.77824005269 -0.026790437525 1 1
0.703220329679 0.404787104208 1 1
0.644012392049 0.801448146011 1 1
-0.609562226035 0.0629652082728 1 1
-0.613011197111 0.498122760148 1 1
-0.653007682045 0.17466072217 1 1
0.111640517047 0.227391545103 1 1
-0.745558452848 0.757548953495 1 1
0.838240050078 0.187918264415 1 1
-0.259335454953 0.492655890174 1 1
-0.53813787226 -0.109773732952 1 1
-0.447286855291 0.736493973731 1 1
-0.109899667367 -0.224800206521 1 1
-0.857635369129 0.686478019187 1 1
-0.330640410773 0.276006754378 1 1
-0.0508358920627 -0.252845386733 1 1
-0.50259109154 0.0985442457487 1 1
0.235373301131 0.949603887636 1 1
-0.489687987589 0.883814835012 1 1
0.174522840285 0.838138302929 1 1
-0.662181559927 -0.601491212604 1 1
0.424173236709 0.351856606777 1 1
-0.194735955118 0.15788035773 1 1
-0.849873428226 0.789214884046 1 1
0.0578206323332 0.605352386515 1 1
-0.428931039555 -0.28505194309 1 1
-0.148798639473 0.181122235906 1 1
-0.513596819144 0.848086394031 1 1
-0.43012290934 0.122719569478 1 1
-0.282550102221 0.0115315804984 1 1
-0.200850941566 -0.0229715605154 1 1
0.634641589744 -0.269245186343 1 1
-0.552809048297 0.5989008794 1 1
0.36261909606 0.195114770802 1 1
0.284153440435 0.0993046922182 1 1
0.192906653698 0.115692585747 1 1
-0.201819959791 0.137937871236 1 1
-0.600880745179 0.907060995421 1 1
-0.0770049255392 0.198379815925 1 1
-0.772521286486 0.528221696184 1 1
0.764714218793 0.0696878122774 1 1
0.227324617019 -0.3785697889 1 1
0.320805613651 0.713062614066 1 1
0.0886623703819 -0.207977524255 1 1
-0.96921552287 0.978520594466 1 1
-0.258033048443 0.0567320921254 1 1
-0.729340194236 0.256062585546 1 1
-0.0469140992626 0.253795055239 1 1
0.725700086582 -0.0916728319721 1 1
-0.943521306993 -0.340944669746 1 1
0.633981108223 -0.154439534588 1 1
0.269651527497 0.510328717805 1 1
-0.94352244234 0.705615162921 1 1
-0.608159506324 0.448123497325 1 1
-0.997011414593 0.364787728873 1 1
0.702604333068 -0.0174256857921 1 1
0.0059566562155 -0.00921128893491 1 1
-0.155702331464 -0.444170854874 1 1
0.272575756148 0.692080303287 1 1
0.857857574613 0.539584200142 1 1
0.57031467502 0.232371506606 1 1
-0.673122026424 -0.446448353431 1 1
-0.5787153052 0.991754892819 1 1
-0.418148975368 0.993510330988 1 1
-0.935069060194 -0.0882122164594 1 1
0.817592114055 0.251053358223 1 1
0.432010465685 0.992538011445 1 1
-0.469983426715 0.822820848243 1 1
-0.638494084967 0.433105184665 1 1
-0.674647079968 -0.377607957166 1 1
-0.364352869679 0.697201276891 1 1
-0.794340807392 0.948494365073 1 1
0.939911721107 0.693530027721 1 1
-0.544686118812 0.604192636852 1 1
0.267106381176 0.840768696782 1 1
-0.405616061046 -0.217460809055 1 1
-0.596088752945 0.809813532155 1 1
0.438757189818 -0.221724205593 1 1
0.11554201299 0.0217965089382 1 1
0.537561913214 0.252592969221 1 1
0.723505585051 0.613081023884 1 1
-0.889935461841 0.244121589515 1 1
-0.293072655017 0.485979384603 1 1
0.731298260046 -0.121344361153 1 1
-0.986057995592 -0.476801363187 1 1
0.404761373966 0.305113538227 1 1
0.3907332221 0.559929336266 1 1
0.391638727527 0.0367678417673 1 1
0.0781994012808 0.857615878702 1 1
0.659897685325 0.198644230033 1 1
-0.81798346782 0.480023709087 1 1
-0.89932289941 -0.642124159693 1 1
0.111036113009 0.262073423952 1 1
0.793079074674 -0.213591110918 1 1
0.635038661282 0.726712427961 1 1
-0.842944967302 0.753447892992 1 1
0.0631254661714 0.788204957843 1 1
-0.638425826663 0.447351665509 1 1
0.354824920104 0.528595721234 1 1
-0.988887438158 -0.644491989129 1 1
-0.10919161196 -0.0698446691132 1 1
-0.403211017591 -0.0178400693303 1 1
-0.290462270025 0.735106930142 1 1
0.682600429118 0.169069204657 1 1
-0.0483003905737 0.648292132411 1 1
0.495524224064 0.982004487959 1 1
0.173820818234 -0.00053877529269 1 1
-0.186414739074 0.6057492133 1 1
0.274809227614 0.144613713779 1 1
-0.303798573506 0.366726552433 1 1
0.559370988437 0.236934046171 1 1
-0.782283713925 0.612307298715 1 1
-0.982074262088 -0.439170707296 1 1
-0.831220772002 0.742115680249 1 1
-0.809240372431 0.966035662652 1 1
-0.0793865086138 0.0768137620458 1 1
0.780441033327 0.931722738935 1 1
-0.134245911877 -0.0287191702537 1 1
-0.0243558958187 0.0469671227011 1 1
0.531952436413 0.717100035705 1 1
-0.901479606233 0.726608613679 1 1
-0.228035402642 0.786040478405 1 1
-0.327477075854 0.860178929794 1 1
-0.319074801088 0.358994857451 1 1
0.155703029013 0.553003666631 1 1
-0.867453383686 -0.3976673218 1 1
0.340213489318 0.903814157846 1 1
0.323014113533 -0.0317724367168 1 1
-0.437364638823 -0.0496653683698 1 1
-0.234559674677 0.43698963291 1 1
-0.65917221274 -0.100919126465 1 1
0.290722099755 0.688694980222 1 1
0.718193560745 0.0107664775456 1 1
0.0991942683705 0.047711825277 1 1
0.531487355688 0.817974965544 1 1
0.21645373658 0.496775266216 1 1
-0.17176787657 0.337415512317 1 1
-0.601429223757 0.423785698967 1 1
-0.568894949086 0.664942857405 1 1
0.746954405822 0.277705265933 1 1
-0.199403015207 -0.152085033942 1 1
-0.281146711801 0.791153749588 1 1
0.393801577545 0.348969171713 1 1
0.793235377412 0.577639305466 1 1
-0.566549840057 0.297164997996 1 1
-0.88392189828 -0.634029695581 1 1
-0.0785134544145 0.407815424261 1 1
-0.474356168437 0.725172100425 1 1
0.798535701299 -0.124823087129 1 1
-0.688849925459 -0.47862588154 1 1
0.705324383942 0.324064933954 1 1
0.47773289273 -0.110548714732 1 1
0.0913727779035 0.0948879085119 1 1
-0.2853041486 -0.29201852371 1 1
-0.731870275745 -0.47092899981 1 1
-0.722593983783 -0.301487067587 1 1
-0.87655559298 -0.3732538073 1 1
-0.997680354569 0.548319888671 1 1
0.855245174286 0.11766284143 1 1
-0.0816847829602 0.806634757178 1 1
-0.773958675087 -0.468424287998 1 1
-0.258950007945 -0.04896730028 1 1
-0.65589977528 -0.178508023055 1 1
0.943146844971 0.817860910795 1 1
0.0957945078825 0.872615217595 1 1
0.44360992367 0.352573489868 1 1
0.452209136674 -0.141899351003 1 1
0.164238747141 0.238991897319 1 1
-0.796066405623 0.534273492098 1 1
0.727886086891 0.722679324467 1 1
0.440782939067 0.787837628461 1 1
0.709096265634 -0.218339857351 1 1
0.716006944252 -0.0128578589511 1 1
0.749164048352 0.289199030317 1 1
0.227335328162 0.703548522121 1 1
0.542513638443 -0.245480666077 1 1
0.130096514438 0.0608472466247 1 1
-0.0693674974879 0.616804148433 1 1
0.291273184545 0.83655357171 1 1
0.0408685451214 0.702267473858 1 1
-0.767092774015 0.586085380443 1 1
0.826703799923 0.209567618354 1 1
0.0565525121714 0.940371246074 1 1
-0.652431683721 -0.352317668906 1 1
0.509187525331 0.91939993362 1 1
-0.110529719474 0.782549705717 1 1
0.607759010124 0.292523422698 1 1
0.0545575885981 0.855109173932 1 1
-0.322000769397 0.169313873278 1 1
-0.525415121915 0.662905958611 1 1
-0.530393965148 -0.218931304313 1 1
-0.39102255202 -0.0153649028414 1 1
0.12265730378 0.32071341071 1 1
-0.827986849084 -0.51319218153 1 1
-0.0100757169089 -0.266152916357 1 1
0.695036736173 0.844320474853 1 1
-0.929783624063 0.322435583804 1 1
0.518618516337 0.518515242705 1 1
-0.298654742714 0.419381384853 1 1
-0.822233759207 -0.513060781601 1 1
-0.458167836621 0.250307388939 1 1
-0.209341356924 0.736296035919 1 1
-0.796907643194 0.153755239508 1 1
0.56341533226 0.688036334356 1 1
-0.820891014214 0.549120541265 1 1
0.245572242571 -0.0551144309671 1 1
-0.465942425497 -0.25008382916 1 1
-0.342604006282 0.506325701699 1 1
0.997418760835 0.803318201524 1 1
-0.194686442359 -0.320716421819 1 1
-0.77416909139 0.887675411607 1 1
-0.813970720493 -0.479109533198 1 1
-0.53510033727 -0.151455857526 1 1
-0.416816816043 0.0109176225369 1 1
-0.0961865461342 -0.231766817879 1 1
-0.0705596056604 0.581606390306 1 1
-0.0514903991805 0.816333062064 1 1
0.594310685671 0.957991318884 1 1
0.602285386656 -0.032350314144 1 1
0.191267747842 -0.167548632629 1 1
-0.647728757471 0.946687894369 1 1
0.179196500077 0.845315143887 1 1
0.480778883791 0.970056170076 1 1
-0.454724238648 0.0264275019035 1 1
0.0657834790799 0.413603802569 1 1
-0.787697887196 0.412382143148 1 1
-0.662345237326 0.654925897336 1 1
0.137086969685 -0.330606002991 1 1
0.302824433772 0.633498883373 1 1
0.430237485457 0.655017607751 1 1
0.878561903209 0.241139160545 1 1
0.496199695269 0.179258584716 1 1
0.100414429981 0.147696210826 1 1
-0.338040009984 0.827741786399 1 1
0.366032356898 0.728296632399 1 1
0.144982520303 0.89251848843 1 1
0.0180221606651 -0.0102563328841 1 1
0.611988126437 0.202646628856 1 1
-0.542123996754 0.30173253645 1 1
0.191448715012 -0.0610396917906 1 1
-0.814687294941 0.759214546776 1 1
-0.382628364076 -0.429335078344 1 1
-0.125283284132 0.661961249146 1 1
-0.506849657746 0.437869335719 1 1
-0.132771608505 0.389639051372 1 1
0.777891769459 0.00744980333934 1 1
0.537211734984 0.955203897206 1 1
-0.0811686158873 0.631092596617 1 1
0.643128990191 0.988973260821 1 1
-0.445000976174 0.484002033898 1 1
0.189666315831 0.804841143732 1 1
0.342144345869 0.219667319723 1 1
0.778668322359 0.249092040305 1 1
-0.451838849744 -0.00714783552211 1 1
0.254291319473 0.708234106106 1 1
0.144152913372 0.263323959173 1 1
-0.880181258588 0.788143735212 1 1
-0.0807408405263 0.0914764983863 1 1
0.549816038536 0.653930753976 1 1
0.250797335442 0.749877832568 1 1
-0.847260672371 0.21761234494 1 1
0.393326111857 -0.00677681464134 1 1
-0.484108646988 0.961165478683 1 1
-0.347389331754 0.872943284571 1 1
0.610937917074 0.304476486402 1 1
-0.683237897571 0.752880679881 1 1
0.146642524054 0.231767295817 1 1
0.49829390928 0.892798426408 1 1
0.1383954107 0.371666842689 1 1
-0.796614023777 0.517804240232 1 1
0.993301384247 0.586957135281 1 1
-0.430670092265 -0.0561695766498 1 1
0.30898063764 0.764827048024 1 1
0.909020969734 0.992926337945 1 1
-0.259840520478 -0.47484615084 1 1
-0.136167176031 -0.117789169459 1 1
-0.431905064757 0.0340917765409 1 1
-0.0203958131142 -0.0577047743585 1 1
-0.486445091922 0.948455172022 1 1
0.135367268427 0.14626813547 1 1
-0.870007472611 0.112124294591 1 1
-0.849497150253 0.735375068169 1 1
-0.436455725201 0.106117420626 1 1
0.764774586516 0.947839324517 1 1
-0.0107763141176 0.0459591587432 1 1
-0.301765359614 0.12294813851 1 1
0.0598374655939 0.855736591481 1 1
0.0217854317556 -0.0221438721311 1 1
-0.00543729990548 -0.364875586501 1 1
0.323378964303 0.251517349356 1 1
0.0357567025846 0.820859813576 1 1
-0.0509380927615 0.105658504762 1 1
0.0506474274997 0.696010938841 1 1
0.339433108144 -0.257178704165 1 1
-0.884173971204 0.432867513611 1 1
0.598397180149 -0.194062254554 1 1
0.0324306851652 -0.212565577206 1 1
-0.852137401682 0.753111020344 1 1
0.840686624017 0.934223471732 1 1
-0.956995551168 0.821229676225 1 1
-0.382907404596 -0.315936346287 1 1
-0.166821936706 -0.0442204370587 1 1
-0.461929987105 -0.248388180425 1 1
-0.837786973144 0.441523260399 1 1
-0.726081521571 0.725118221314 1 1
-0.243705138083 0.643798644443 1 1
-0.584276415089 0.597435373049 1 1
0.814670442572 0.425664729984 1 1
-0.474357731159 -0.403485019082 1 1
0.840924532732 0.533145844166 1 1
-0.531153816776 0.242368112763 1 1
0.305562834236 0.0745589100678 1 1
-0.361904567318 0.387195280303 1 1
0.915469532318 0.397597094235 1 1
0.796765989853 0.538891018057 1 1
0.59887173891 0.978569342822 1 1
-0.624058274559 0.0823063583214 1 1
0.223459573932 -0.299470654216 1 1
-0.784815207731 -0.274941785616 1 1
-0.475777478716 -0.185034666757 1 1
-0.290976342165 -0.218094946436 1 1
-0.7930797021 -0.262328026961 1 1
-0.637487175911 0.64933820154 1 1
0.545028978835 0.174928010594 1 1
0.271935332974 0.522581985322 1 1
0.60328733637 0.799891817455 1 1
0.682865679003 0.9081765821 1 1
-0.0700891793838 -0.256454917698 1 1
-0.368765258572 0.571222614853 1 1
-0.122377900359 0.827391123279 1 1
-0.706840376199 -0.484794112431 1 1
0.730460245122 0.3519924858 1 1
-0.0417983470867 0.171607614246 1 1
0.248365633629 0.181558859302 1 1
0.0901832768753 0.525449021004 1 1
0.0912109192124 -0.0416613378578 1 1
-0.424251727682 0.760556702138 1 1
-0.177246068728 0.321463901891 1 1
0.879859505001 0.237179308419 1 1
-0.489329614072 0.975123438607 1 1
-0.162504321577 0.871638181463 1 1
0.17711288235 -0.275384228057 1 1
0.201226265421 0.550706161063 1 1
-0.112103565822 -0.0192877238266 1 1
-0.621770100537 0.773204518029 1 1
-0.306405675255 -0.199783169178 1 1
-0.277970971301 0.0326005939081 1 1
-0.349796075878 0.157254603898 1 1
0.0737028339338 0.13917158562 1 1
0.188804363266 0.597602843681 1 1
0.17717152542 0.172664111322 1 1
-0.957636514074 -0.577983709751 1 1
0.845323372495 0.36914192678 1 1
-0.845980459425 0.0912189138611 1 1
0.779984662466 0.539213663562 1 1
0.220916176843 0.516318041891 1 1
-0.694617938299 -0.223081408733 1 1
-0.413960547259 0.575162397599 1 1
-0.409857564268 -0.195269530414 1 1
-0.0998641340478 0.997837000042 1 1
-0.56519778498 0.460266995439 1 1
-0.207752133968 0.959394192967 1 1
0.0421041358256 0.038135378027 1 1
-0.513398960203 -0.528885389452 1 1
-0.404210289 -0.325779149502 1 1
0.508166961513 0.142786815371 1 1
-0.665966481025 0.426384873811 1 1
0.830481760606 0.953551172713 1 1
0.0893754024738 0.984965722144 1 1
-0.0697803040297 0.721162727342 1 1
-0.16494858928 0.665520565181 1 1
-0.957126724053 0.982513387465 1 1
0.244277721323 0.189634336286 1 1
-0.896205577267 0.697273367081 1 1
0.0550509671385 0.0974907091189 1 1
-0.837020350774 -0.632101239296 1 1
-0.737344093258 0.884012804237 1 1
0.0845107006271 0.486840605526 1 1
0.74519263561 -0.00686817486634 1 1
-0.0576465207011 0.322040194909 1 1
-0.880764799929 0.187554507111 1 1
0.140287752889 -0.00779761826394 1 1
-0.716575860601 0.806992963458 1 1
-0.856783131031 -0.0986496924364 1 1
-0.490183414225 0.276797392599 1 1
0.58355309983 0.647964074162 1 1
-0.835607714145 0.963999491397 1 1
-0.315299529015 0.284112408698 1 1
-0.794189753909 0.310956343468 1 1
-0.219489305314 0.917678014264 1 1
-0.461626481514 0.306454821652 1 1
-0.691780761998 0.384950008642 1 1
0.71451559001 -0.110100950075 1 1
-0.954941191484 -0.263674023253 1 1
0.251974169127 0.35577565741 1 1
-0.928725260924 0.692604695835 1 1
0.694413968904 0.0973008063775 1 1
-0.751750320248 0.993362989251 1 1
0.732830612554 -0.185378674801 1 1
0.148371463822 0.725807029017 1 1
0.952503818822 0.691664256066 1 1
0.66599360542 0.242583113022 1 1
-0.121739854998 0.46030963524 1 1
0.41784120628 0.500766748514 1 1
0.0661623751572 -0.309020177192 1 1
0.0545510268765 0.043702772665 1 1
-0.105209810617 -0.0859112961055 1 1
0.30644532736 0.200646504953 1 1
-0.476994185264 0.516101573418 1 1
0.668815724056 0.861814296064 1 1
-0.853494020312 0.688159832752 1 1
0.547364500897 0.863654774088 1 1
0.70506211231 -0.228467803395 1 1
-0.629829664591 -0.622881055729 1 1
-0.0802198270432 0.45482365283 1 1
-0.338163663176 0.381153249567 1 1
-0.38721187098 -0.0603838550127 1 1
-0.344198611174 0.452610694122 1 1
-0.229227165786 0.194158960963 1 1
-0.805632838933 -0.529736389196 1 1
-0.595542135997 0.469114624882 1 1
0.513994564878 0.521801401241 1 1
-0.432596411197 -0.201400371032 1 1
-0.491784368947 -0.21249610884 1 1
-0.821095215241 0.728996482549 1 1
0.331829029937 0.97776468471 1 1
-0.665399345635 0.101494101496 1 1
-0.994693218005 0.24533583743 1 1
0.425753745931 0.637385873913 1 1
-0.103683676609 0.894650024752 1 1
0.0487650779914 -0.336662605409 1 1
-0.558967774029 0.295053566417 1 1
-0.722035155774 -0.433046400472 1 1
-0.770454412831 0.857441708654 1 1
-0.840071343717 0.923927795922 1 1
-0.273010372274 -0.266633448141 1 1
0.409640529969 0.578843196621 1 1
-0.855996493638 -0.278767145473 1 1
0.500790767773 -0.00622617156908 1 1
0.607836856515 0.117542721721 1 1
0.0113496845245 0.78463550001 1 1
-0.288959576949 -0.120299551978 1 1
0.877744510941 0.1132761696 1 1
-0.43810803257 -0.382997942558 1 1
0.286856380221 0.430430991218 1 1
-0.0848368819952 0.711767505219 1 1
-0.666892272692 -0.132714488966 1 1
-0.988218138547 0.6460677495 1 1
-0.619233603173 0.34779323942 1 1
-0.202174384775 0.6400410285 1 1
-0.0669758900619 -0.214232721304 1 1
0.189931465343 0.756305217416 1 1
0.0992729746047 0.855741051331 1 1
-0.403576367553 0.570461851684 1 1
0.900442541831 0.277039022902 1 1
-0.420910834374 -0.37868533964 1 1
-0.232471837056 0.449051295044 1 1
0.912581522186 0.923508000418 1 1
0.93824933927 0.546448722774 1 1
0.69221015892 0.513070076677 1 1
0.0167590317058 0.64373329105 1 1
-0.795340798182 0.613141527131 1 1
0.999404495652 -0.0227422843413 1 1
-0.188006196805 0.876455023797 1 1
-0.119879014804 -0.488135119058 1 1
-0.890887599046 -0.41724932046 1 1
-0.732971292075 0.169607232998 1 1
-0.229586971715 -0.532862693483 1 1
0.742386416928 0.814970947279 1 1
-0.60130691927 -0.182492115895 1 1
-0.775326237843 0.168295737925 1 1
0.765850419252 0.229701506984 1 1
-0.0182044453967 0.175305132593 1 1
0.573200902416 0.817791567363 1 1
0.960286012928 0.212987215896 1 1
0.825183098366 0.349966856473 1 1
-0.445485296966 0.783298485116 1 1
0.184203758266 -0.255450419963 1 1
0.226906994688 0.11520117406 1 1
0.00625110829473 0.921944465491 1 1
-0.202834931369 0.498620436141 1 1
0.423809816474 -0.0588256452837 1 1
-0.0460812713359 -0.282561983652 1 1
-0.20121120126 -0.138300360007 1 1
-0.508011970538 0.388570430168 1 1
0.648905653632 0.942223373824 1 1
0.115212155223 0.245777990648 1 1
-0.213863299615 -0.0276378922631 1 1
-0.771771668735 0.585400292627 1 1
-0.123933386014 -0.224893910891 1 1
-0.838352473057 -0.62139101448 1 1
-0.862627537599 -0.635757949825 1 1
-0.715819177862 0.0890323516145 1 1
-0.963359777016 -0.643816177362 1 1
0.0704569001275 0.617924430556 1 1
-0.751231893837 0.694402438833 1 1
-0.504230377992 0.624071531915 1 1
0.00403548241556 0.675135302142 1 1
-0.848537098634 0.573643875795 1 1
-0.756130700317 -0.238105643349 1 1
-0.637305589332 -0.31500246888 1 1
0.0901621652921 -0.275599661475 1 1
0.0849200453981 -0.102457450205 1 1
-0.681469380095 -0.557042961452 1 1
0.967450219949 0.235188294939 1 1
-0.39396522738 0.0192113074193 1 1
-0.189658903821 0.25424693543 1 1
-0.0546984619182 0.458880743301 1 1
0.36726606554 0.839649997076 1 1
-0.846034819367 -0.709377882722 1 1
0.527663974647 0.448762306558 1 1
-0.448153530246 -0.0666473529509 1 1
0.464589780408 -0.261090883038 1 1
-0.848219734302 -0.0592863388876 1 1
0.545065837377 -0.0512180818453 1 1
-0.147784726832 0.138337963248 1 1
-0.998137175427 0.943415461539 1 1
-0.575674379746 -0.101613246171 1 1
-0.620658188403 0.0238361570252 1 1
0.0293794143906 0.348800969261 1 1
-0.225664748578 0.613085480162 1 1
0.443610417752 0.141482536462 1 1
0.531292851084 -0.0974686441621 1 1
0.148211336979 0.202745170407 1 1
0.973057486687 -0.157932326805 1 1
-0.164658661667 0.558528848868 1 1
0.25879630931 0.96892619388 1 1
0.482607852772 -0.159082583719 1 1
0.477569395988 -0.243353822441 1 1
-0.313685911691 0.142672866404 1 1
-0.159993785638 0.157249301613 1 1
0.802258641042 0.341375965989 1 1
0.293458025558 -0.246781538251 1 1
0.644165550087 0.056093520233 1 1
-0.745708615244 0.257520783695 1 1
0.803270630314 -0.0307710542347 1 1
0.385657116555 0.817290077244 1 1
-0.121951482728 -0.0870296928993 1 1
-0.291896223399 0.597402846769 1 1
-0.664890705147 -0.234161774233 1 1
0.222281372652 0.113147140195 1 1
0.284517031397 -0.20017817132 1 1
-0.284888304867 0.842643934354 1 1
-0.0284444089609 0.32318168785 1 1
0.417623089193 0.556956497469 1 1
-0.738017268196 -0.0185257361625 1 1
-0.944764762876 0.585649838825 1 1
-0.426336540021 -0.426998643101 1 1
-0.538659118581 0.244490422786 1 1
0.434494666143 0.685513419021 1 1
0.357738487541 0.0547343029728 1 1
0.901005513511 0.932782183691 1 1
0.153758594299 -0.298485922104 1 1
-0.271608180934 0.956940783276 1 1
0.833734805659 0.959249910071 1 1
0.199280994989 0.424160819324 1 1
-0.244101018889 0.926227263725 1 1
-0.588451608157 0.625492302938 1 1
0.921466119443 0.141903901766 1 1
0.513663400927 0.961249573652 1 1
0.63653235379 0.939758714539 1 1
0.291467313255 0.376268697732 1 1
-0.927147609883 0.416204419962 1 1
0.777465398342 0.71180783165 1 1
-0.0533540715857 0.739503599757 1 1
0.724898690364 -0.249281252781 1 1
-0.0421248881708 0.534967899302 1 1
-0.897414962182 0.580612695934 1 1
-0.724045736054 0.462283684516 1 1
0.206173665042 0.354371228493 1 1
0.427725444509 0.270023520853 1 1
-0.811886057109 0.848692457944 1 1
0.873544368673 0.370621497109 1 1
0.206573697169 0.737805578331 1 1
-0.667825577637 -0.482887252481 1 1
0.892846108073 0.881122164638 1 1
0.328931642849 0.551935266284 1 1
-0.241419293302 0.868097228082 1 1
0.835908609448 0.689560193065 1 1
0.783459264788 0.645297136146 1 1
-0.92862285428 0.997285400821 1 1
-0.85649400999 0.0777903842575 1 1
0.81469382061 0.149023779283 1 1
0.141248464327 0.27868176113 1 1
-0.866643403975 0.442015070775 1 1
-0.461617094966 0.805349235127 1 1
-0.642226174714 0.774611044268 1 1
-0.0539220941073 0.0203386575314 1 1
-0.991704486217 0.936779535525 1 1
0.71626337439 0.577821145567 1 1
0.830686620477 0.393721936777 1 1
-0.622751246095 0.0769780293653 1 1
-0.0959000485843 -0.453577179565 1 1
0.654579937274 -0.26405146955 1 1
-0.384549025941 0.852935702465 1 1
0.478032156922 0.503754336964 1 1
0.567114744373 0.966228319835 1 1
-0.525797739415 -0.0820733206746 1 1
-0.84869259103 -0.533102915023 1 1
-0.136152042521 -0.354846918014 1 1
0.0782003985894 -0.401499472917 1 1
-0.397140219687 0.717308970553 1 1
-0.71472461461 -0.410969963349 1 1
-0.164069216857 -0.0601286834641 1 1
0.488939110461 0.906545032101 1 1
-0.0126877920229 0.867218476839 1 1
0.320205728782 0.656044092336 1 1
0.069579645745 0.948685079099 1 1
-0.672444150271 0.270832392024 1 1
-0.128517887522 -0.11770229685 1 1
-0.999163531399 0.511517213807 1 1
0.519814840386 0.513755042759 1 1
0.795566327658 0.00186211616459 1 1
-0.791115244593 -0.335247113422 1 1
-0.926499785232 0.195743206584 1 1
0.290174358946 -0.224348534276 1 1
-0.405830777817 -0.332455673094 1 1
-0.470622491556 -0.0703519083819 1 1
0.0300527481832 0.679279807888 1 1
-0.80767477885 -0.566362937785 1 1
-0.990944983942 0.128376878389 1 1
0.409906024874 0.969127525342 1 1
0.230937527328 -0.256136373071 1 1
0.212921251549 0.454858004054 1 1
-0.40378367714 0.579326744985 1 1
0.774925194243 -0.028909699927 1 1
0.32622418115 0.616477911681 1 1
-0.822166423616 0.609622349052 1 1
0.178901372744 -0.40208580331 1 1
0.732543378423 0.291256457775 1 1
0.0426584003774 0.0786884587037 1 1
0.146010056591 -0.189487551631 1 1
0.101479431942 0.936378018944 1 1
-0.962304933658 0.640665576904 1 1
-0.13651323042 0.370043406714 1 1
0.7460745939 0.053454787538 1 1
0.0544115512903 0.507281294515 1 1
-0.905460406931 0.197070077371 1 1
0.941619241533 0.341480885607 1 1
-0.571252416787 0.664474254414 1 1
-0.711007042588 0.760917268758 1 1
0.774302454177 0.651101893767 1 1
-0.218825553193 0.4334280765 1 1
0.540284955257 0.621223895436 1 1
-0.297367521618 -0.355532425733 1 1
0.109551505021 0.323246957115 1 1
0.290137461638 0.563345779323 1 1
-0.185194412814 -0.0123667400581 1 1
-0.437809507013 0.77569558061 1 1
-0.89283339178 -0.299290098386 1 1
0.149498183676 0.167620518908 1 1
0.0343958502973 0.287177114367 1 1
-0.0672011387123 0.881044208924 1 1
0.68322538871 0.26851502864 1 1
-0.232336566146 -0.278157558312 1 1
-0.857867584431 0.642007280013 1 1
-0.579970905784 -0.51214240131 1 1
-0.917503795562 0.0463170459478 1 1
-0.374422287123 0.117730641898 1 1
-0.33357406713 0.82178679944 1 1
0.0194571247067 0.196990375287 1 1
0.43420269694 -0.108411364322 1 1
0.270091322825 0.539658235207 1 1
-0.834654613433 0.636662171451 1 1
0.29730728059 0.0712816346304 1 1
-0.121983419065 0.574248023944 1 1
0.425107305733 0.272439658484 1 1
-0.520151362316 0.769784665578 1 1
-0.920933857989 0.890130399206 1 1
0.94946502074 0.635800045667 1 1
-0.927761511596 0.0604087758924 1 1
0.949803791067 -0.0140337281261 1 1
-0.19091796692 0.80491107517 1 1
0.247487770972 0.1468773598 1 1
0.501190171123 0.591564764354 1 1
-0.880304707863 0.185407079973 1 1
0.763608209226 0.201814056149 1 1
0.0342243062036 -0.145832101988 1 1
0.478974000708 -0.126847856229 1 1
-0.363915736956 0.778503958553 1 1
-0.489933132788 -0.0561631530188 1 1
-0.691787078844 0.351171260942 1 1
0.710094623885 0.297837091813 1 1
-0.377000038687 0.915075806759 1 1
-0.986010200097 0.815243893246 1 1
-0.543781875298 -0.181212044826 1 1
0.292242963139 0.420900463271 1 1
-0.423627020124 0.730709355676 1 1
-0.021557493253 0.996324214292 1 1
0.684057694091 0.785669157314 1 1
0.155861837358 0.984322838243 1 1
-0.561771228653 0.250014515939 1 1
-0.666892692258 0.0997127548477 1 1
0.616191256583 0.790216166859 1 1
0.915812347444 0.255488817377 1 1
-0.676266839471 -0.55301078495 1 1
-0.218619895511 -0.430085482557 1 1
0.26663315574 0.733035853846 1 1
-0.684082711153 0.797868883416 1 1
0.141612383486 -0.131665813966 1 1
0.39069556273 -0.118881536847 1 1
0.599308751425 0.168775464123 1 1
0.427057838132 0.652877029439 1 1
0.945197960042 0.399582930502 1 1
0.901510394208 0.283084491028 1 1
0.0783690571171 -0.434925191476 1 1
-0.642214992621 0.141212512616 1 1
-0.556393037993 -0.484800686763 1 1
-0.606063737569 0.315558697902 1 1
0.185653816799 0.645748501088 1 1
-0.885147627691 0.965085202556 1 1
0.360212203865 0.753163851622 1 1
-0.0969189318215 0.863631305806 1 1
0.502213777452 0.430711722678 1 1
0.867350402828 0.0138287981808 1 1
0.855021494148 0.656671831832 1 1
-0.506203762457 0.0826720618855 1 1
-0.64356112084 0.0106250058064 1 1
0.426409678704 0.0905920003903 1 1
0.210688890036 -0.166421427779 1 1
0.890432060076 0.134213167041 1 1
-0.425013314088 -0.561860865999 1 1
-0.495070550574 -0.19100655039 1 1
0.843999412851 0.86173045555 1 1
0.86559439855 0.0125411385013 1 1
-0.510227645666 0.636769871281 1 1
0.78863016816 0.516429209772 1 1
0.705260410874 0.888362488644 1 1
-0.318590074594 0.314146261368 1 1
0.436114121947 0.596579489288 1 1
-0.774936754112 -0.105758723726 1 1
0.590092502976 0.993831213813 1 1
-0.0816179030506 0.637865431671 1 1
-0.308159795945 0.585678212511 1 1
-0.269093288769 0.597215192402 1 1
0.13155321464 0.872552392201 1 1
0.14795988409 0.633229882077 1 1
0.569194036986 -0.182389378204 1 1
0.919042773192 0.447999066885 1 1
0.0638142783316 0.732540373185 1 1
-0.662907206913 -0.488708085741 1 1
0.35749174645 0.580363577311 1 1
-0.509269507068 -0.210068396675 1 1
-0.687592540598 0.0285037936697 1 1
0.124977010043 -0.097728702743 1 1
-0.357716045724 0.491261210991 1 1
-0.945792649321 -0.699813529879 1 1
0.495749048723 0.109962220985 1 1
0.183833127609 0.543493913377 1 1
-0.889517323822 0.109216945306 1 1
-0.269419874779 -0.281047378591 1 1
-0.987102013001 0.816420153446 1 1
-0.0309196543525 0.228228159994 1 1
-0.12231125593 -0.0580062808673 1 1
-0.845440852427 -0.485233482714 1 1
-0.689544985285 -0.420394239294 1 1
-0.202625404739 0.426938824157 1 1
0.190625067601 0.411867376001 1 1
-0.273603342388 -0.424608062697 1 1
0.325820083557 0.653468205417 1 1
-0.0752295824489 -0.213904435811 1 1
0.772927482699 -0.195511855503 1 1
0.699601033095 0.011856084191 1 1
0.357342353392 0.69510048908 1 1
-0.127297050444 0.638194237907 1 1
-0.22144861992 0.00826827936899 1 1
-0.644143241366 0.996729222266 1 1
-0.74209714644 0.558464960203 1 1
0.436182003248 0.311784689125 1 1
0.350666202924 0.135008898313 1 1
-0.675972817589 -0.104825928899 1 1
-0.885277982814 0.222476361479 1 1
0.97735988005 0.55278209838 1 1
0.526331948958 -0.127924449289 1 1
-0.974735145242 0.596009153562 1 1
-0.778810961694 0.551896547008 1 1
0.365052584993 0.574474870366 1 1
0.381611877548 0.827384399786 1 1
0.0524052011987 -0.293904872763 1 1
0.209175684933 0.558243916798 1 1
-0.137789855825 -0.110170391013 1 1
-0.718295115655 0.122084084776 1 1
-0.0209639105344 0.349824339958 1 1
-0.616405437333 0.673107850668 1 1
-0.674108921277 0.457791477598 1 1
-0.312204209403 -0.472372470802 1 1
0.152912920046 0.831519916133 1 1
-0.907803146185 0.200567534782 1 1
0.944139954126 -0.0826385155743 1 1
0.838219680307 0.172295555613 1 1
-0.336512200128 0.164344203106 1 1
0.484055489702 0.570500421674 1 1
0.27442487934 0.397303054667 1 1
-0.528670013035 0.799723506923 1 1
-0.222954697715 0.311382170505 1 1
-0.0423546968506 0.0458649104405 1 1
-0.223339679791 0.463223690524 1 1
-0.691416203464 -0.30432505555 1 1
-0.116012321361 0.0505439840254 1 1
0.0914371962616 -0.401728066992 1 1
0.551808853464 0.322140478338 1 1
-0.581723125938 0.011003503876 1 1
0.510711072361 0.945864969416 1 1
-0.499291340011 0.0719439422531 1 1
-0.631830795296 0.677280221495 1 1
-0.375385714261 0.410079625823 1 1
0.994025197443 0.0905057747335 1 1
-0.739798480678 0.0364465018424 1 1
-0.438361032365 0.963849980322 1 1
-0.500290938962 0.455435384806 1 1
0.145465424076 0.674444464608 1 1
0.172809660226 0.282971401686 1 1
0.413361699732 0.392453985737 1 1
0.473918781019 0.466725453824 1 1
0.931153068676 0.887381662615 1 1
-0.434600641536 0.451174725016 1 1
0.346667994721 -0.214138056457 1 1
-0.186314820352 0.391682935781 1 1
0.420125148493 0.52549177951 1 1
-0.972658212988 -0.235431792416 1 1
-0.0898972259881 0.137315951492 1 1
0.131824163142 0.706641482167 1 1
0.615429623828 -0.0714040433726 1 1
-0.556182517202 0.343007941271 1 1
0.0225445657034 0.0877441562944 1 1
-0.458618442 0.481473022107 1 1
-0.412228759221 0.0761216155549 1 1
-0.750832426042 0.162480215297 1 1
0.51752327322 0.629072734746 1 1
-0.274734130308 0.433632741523 1 1
0.482912831541 0.935173355618 1 1
0.251610179227 0.171695557811 1 1
0.25888457756 0.411217782386 1 1
-0.978826110064 0.568458664302 1 1
-0.760612985462 -0.0490578865626 1 1
-0.756629622761 0.857043018585 1 1
0.570159432845 0.818489532178 1 1
-0.615056746894 0.177625762732 1 1
-0.699448071629 0.609264849731 1 1
-0.622772313489 0.107686872978 1 1
-0.0329536692617 0.232937450134 1 1
-0.0215183507244 -0.251743366832 1 1
0.0213097924706 0.105305049576 1 1
-0.945520283077 0.32340381691 1 1
-0.097651044932 -0.220128896008 1 1
0.157874537083 0.875180980684 1 1
0.202472412615 -0.0634571701508 1 1
0.742547043576 0.37647538352 1 1
0.535942989412 0.373500515014 1 1
0.284765223014 -0.100314629962 1 1
-0.850519727809 0.657078338656 1 1
0.0326641710759 -0.100984578205 1 1
-0.748916926043 -0.483811783881 1 1
-0.306484364806 -0.0230758070838 1 1
0.388564579563 0.23521923826 1 1
-0.24434646167 0.297692571385 1 1
0.0290361003548 0.101602520769 1 1
-0.104524192503 0.928386165743 1 1
-0.0593599698469 0.426224204146 1 1
-0.478106613971 -0.0363648315039 1 1
0.768771549314 0.672711364492 1 1
-0.707229091613 -0.401840475434 1 1
0.734589781689 0.446886141786 1 1
-0.27715540288 0.310995936892 1 1
-0.458814477849 0.261726678621 1 1
0.147185495896 0.0957147871444 1 1
0.754915396163 0.788073605723 1 1
-0.409020670895 -0.291070714441 1 1
0.561802475407 0.370552767375 1 1
-0.91579848823 0.370896488802 1 1
0.0858106630962 -0.352829651832 1 1
-0.909474271868 -0.568163570431 1 1
-0.727748703025 -0.290854021763 1 1
0.323589090546 0.885512861039 1 1
0.528885210364 0.128491334925 1 1
-0.158978643647 -0.429595007234 1 1
0.40710588974 -0.0529493736091 1 1
-0.582282927567 -0.347740091755 1 1
0.91767859345 0.253234170821 1 1
0.697534861223 0.227502487416 1 1
0.066966430998 -0.256568776581 1 1
-0.49825298079 0.470359160033 1 1
-0.539531700715 0.726101417431 1 1
0.993498567076 0.302228524074 1 1
0.612548800692 0.914226034248 1 1
-0.478309996675 -0.461991596921 1 1
-0.238813227483 0.135190089101 1 1
-0.61416073422 0.632025607308 1 1
0.638649096985 0.978016632319 1 1
-0.603156824185 -0.361937075969 1 1
-0.97884221309 -0.136542450524 1 1
-0.772791283515 0.8458863704 1 1
0.0251333387606 0.160528576376 1 1
-0.908454581244 0.0607208638387 1 1
-0.709412370603 0.689585765148 1 1
-0.638232859045 -0.119482666809 1 1
0.30958523228 0.756101376994 1 1
-0.551467733409 -0.0935744355205 1 1
0.492239881894 0.267470590555 1 1
-0.0458094654368 0.232484582935 1 1
0.572811546679 0.262999338733 1 1
0.527151670457 -0.107495186506 1 1
0.194072302089 -0.0198982722873 1 1
0.0245647815106 0.65436723703 1 1
-0.399780239669 0.126723658904 1 1
-0.818370837815 0.142064500632 1 1
0.281097679376 0.857836677968 1 1
-0.199375200474 0.0508452368002 1 1
-0.438032510981 -0.357321863131 1 1
-0.605547790852 0.981792458657 1 1
-0.248876576449 0.596644258753 1 1
-0.78810706912 0.0533310510258 1 1
-0.0559180514706 0.307013149482 1 1
0.773413496697 0.0696629737676 1 1
0.541764029651 0.846743895229 1 1
-0.493425087869 0.0157992838663 1 1
-0.676015081146 -0.143832632795 1 1
-0.957365376036 -0.121464337061 1 1
0.239592608814 -0.0734140178394 1 1
-0.0645468271347 -0.319988332231 1 1
-0.174632476368 -0.197742337583 1 1
-0.996782129052 -0.228134580661 1 1
-0.36678514539 0.802947781553 1 1
-0.437748776079 0.496127295621 1 1
-0.287648752814 0.876411346618 1 1
-0.923768748282 0.308235782224 1 1
-0.866072480286 0.836977643506 1 1
0.21997591665 0.64254370744 1 1
-0.50234441555 0.786531981703 1 1
0.757784460198 0.299161777211 1 1
-0.109543739984 0.706958285376 1 1
-0.0433069883483 0.699007329526 1 1
0.969242391725 0.613555583009 1 1
-0.767889145536 0.139043268736 1 1
0.542504008907 0.746387105205 1 1
0.0106400645337 -0.414279566214 1 1
-0.566526347796 -0.613790040775 1 1
-0.95978576063 0.765572020174 1 1
-0.397481791131 0.305658296758 1 1
-0.205566366568 0.0757900049752 1 1
0.686781522235 0.389055825259 1 1
0.862310895133 0.971311976074 1 1
0.811491226595 0.907837257236 1 1
-0.685617021504 -0.276215167024 1 1
0.380791785234 0.873470809951 1 1
-0.743398018155 0.862248488645 1 1
-0.847381484266 0.205769122469 1 1
-0.780280901506 -0.585001344137 1 1
0.388159478758 -0.0849792736752 1 1
0.102256072103 0.880530749181 1 1
-0.54631064568 -0.141848106084 1 1
0.236531059755 0.283973998629 1 1
0.232404634188 0.0547733722923 1 1
-0.845461780634 -0.059503376369 1 1
0.585071212442 0.177947888592 1 1
-0.159851433309 0.330356183359 1 1
-0.82307604873 -0.411960739193 1 1
0.200768753134 0.577636410867 1 1
-0.819947861344 0.366988192603 1 1
0.365865875934 0.351017120077 1 1
0.472287973932 0.417092398404 1 1
0.9003533425 0.415690957203 1 1
0.491115020501 0.77100078664 1 1
0.46035893854 0.0249675602043 1 1
-0.594324385421 0.299871701239 1 1
0.00854049824977 -0.337476152659 1 1
0.950638953827 0.14692043258 1 1
0.389257460568 -0.0573362101982 1 1
-0.758839909302 0.581008580574 1 1
0.163543147152 0.850329677437 1 1
0.047481775121 0.519063530784 1 1
-0.476757299558 -0.074122729498 1 1
0.551032707073 -0.0550637194832 1 1
0.155022528461 0.476885411049 1 1
0.232615623469 0.954177591495 1 1
-0.0328011071171 0.177523190367 1 1
0.209604649457 0.687937773411 1 1
-0.762684481809 -0.477457002671 1 1
0.17114692407 0.907773185444 1 1
0.423124365646 0.595219376784 1 1
-0.361948376632 0.59118912399 1 1
0.91232141847 -0.0699996842905 1 1
0.647872952222 -0.233754682572 1 1
0.382445891139 0.673189644411 1 1
0.550391608009 0.545555824301 1 1
0.855133353421 0.213681689081 1 1
0.244594172379 0.178973273833 1 1
0.303229180516 -0.059935706518 1 1
0.784193884928 0.927230605035 1 1
-0.463305341141 0.471507671636 1 1
-0.929169698618 -0.517258332185 1 1
0.151720781586 -0.00144075179871 1 1
0.659962453868 0.353953154836 1 1
-0.617955543817 0.984394504333 1 1
-0.626402157748 -0.113264069283 1 1
0.261308967018 0.941964138383 1 1
0.187475492876 0.477200335762 1 1
-0.532302055608 0.189338295558 1 1
-0.491309516929 0.137264473387 1 1
0.946968840833 0.807795373163 1 1
-0.721332463693 -0.576481357707 1 1
0.93657658931 0.971232453085 1 1
-0.881674568523 0.382170670405 1 1
-0.0154599343772 0.382333176565 1 1
-0.523294534543 -0.266915296566 1 1
-0.661244354562 -0.128620257488 1 1
-0.688498537658 0.45058500009 1 1
-0.542328575369 0.873171697832 1 1
0.805236528356 0.165184298773 1 1
0.480358822837 0.659637639417 1 1
-0.486827703014 -0.171985238362 1 1
-0.898899183694 -0.0810027035218 1 1
0.221432625413 0.867061045516 1 1
-0.890101091074 -0.115365049504 1 1
0.26246982504 0.850084930907 1 1
-0.78121566957 -0.37412298251 1 1
0.0714275790045 0.766026992464 1 1
-0.933533304287 0.226855719501 1 1
0.171268943917 0.0530386392834 1 1
0.0632059761816 0.155908685515 1 1
0.0110804838273 0.896417889695 1 1
0.244257161515 -0.177117670578 1 1
-0.702653645725 0.511089895196 1 1
-0.665964930075 0.682711459256 1 1
0.311055442916 0.843907136236 1 1
-0.241844901625 -0.377018185892 1 1
0.422820927629 0.980171186454 1 1
-0.352979509828 0.938006838888 1 1
-0.934780219469 -0.0695942428319 1 1
-0.677524145964 0.502111194232 1 1
-0.462591403769 0.670478240386 1 1
0.572075497964 0.934562522477 1 1
-0.0567249544807 -0.206818243843 1 1
-0.353235884016 -0.501964757759 1 1
-0.922898537298 0.278654434692 1 1
0.301419671557 0.0897416782627 1 1
-0.325654289194 0.268473212973 1 1
0.288273304172 0.426567491198 1 1
0.727355603386 0.630495110114 1 1
0.949449607824 0.561327590766 1 1
-0.665276323342 0.486553062015 1 1
0.250446004641 0.354035344749 1 1
-0.768472097474 0.149028800235 1 1
0.183995262158 -0.127216565613 1 1
-0.57012174797 -0.46598064464 1 1
-0.573158625626 -0.447897681923 1 1
-0.217688875176 0.0055355513059 1 1
-0.236776216543 0.854835292895 1 1
0.912378686921 -0.142718320414 1 1
-0.770571875558 -0.0521353320239 1 1
0.684422449409 0.0838149271304 1 1
-0.783963599125 0.735708837389 1 1
0.890262825513 0.196041956733 1 1
0.139123876261 -0.172080807608 1 1
-0.109438863518 -0.104656492218 1 1
-0.234311720558 -0.0162154328957 1 1
-0.444838456188 0.750874059885 1 1
-0.542714146794 0.973932058016 1 1
-0.856756476525 0.485067330925 1 1
0.436290856044 0.526321590507 1 1
-0.918240146252 0.351030797517 1 1
-0.877088781681 0.789345145121 1 1
-0.453106550447 -0.10984775142 1 1
-0.646449131314 0.128708819567 1 1
-0.40307845229 -0.259380842987 1 1
0.253195358862 0.671403714744 1 1
-0.285879148538 -0.107693815732 1 1
0.922242125073 -0.197116624309 1 1
-0.975825700963 0.823376264703 1 1
-0.185898859919 0.339310567528 1 1
-0.982804869782 0.629403830402 1 1
0.623860934391 0.483111520688 1 1
-0.9031918997 0.548356542294 1 1
-0.317129901608 -0.369037449818 1 1
-0.47424162051 -0.00754772548485 1 1
-0.950085621592 -0.425939894071 1 1
-0.753687064129 0.465275635015 1 1
-0.179987888465 -0.134519347458 1 1
0.021426162668 -0.055632988902 1 1
-0.129890125833 -0.0808531281091 1 1
0.0728627084471 0.5673171587 1 1
-0.252286009487 0.301796404437 1 1
-0.338764162057 -0.104103195373 1 1
-0.948245215222 -0.529539942023 1 1
-0.30526295901 0.0979484331884 1 1
-0.911284022315 0.867169352584 1 1
-0.112321240019 0.222883577114 1 1
0.0289790212745 0.33311332751 1 1
0.743406647868 0.100157236019 1 1
-0.0565243803971 -0.0690457609065 1 1
-0.942864536842 0.695172249239 1 1
-0.613883082236 0.0578061652555 1 1
0.900322671255 0.0186397683638 1 1
-0.22327806586 -0.116538531061 1 1
-0.955261755339 -0.627665195545 1 1
0.749502815193 0.339868409295 1 1
-0.287274621033 -0.341516359488 1 1
0.743771069615 -0.104663328109 1 1
-0.467252451275 0.481804435265 1 1
-0.964820991256 -0.163987186936 1 1
0.945275521473 0.108450428322 1 1
-0.560766847724 -0.58428664171 1 1
-0.492358444552 0.798192626909 1 1
-0.980265572579 -0.0356337895612 1 1
-0.990586553452 0.330076758227 1 1
0.220037640972 0.100918210432 1 1
0.103919233636 0.67468412508 1 1
-0.636421672538 -0.0867121899404 1 1
0.307982230602 0.649947605425 1 1
0.981592550896 0.0895768662238 1 1
0.455914550635 0.051131451421 1 1
-0.278897436295 0.952224221149 1 1
0.25799477186 -0.199622395624 1 1
0.205230921007 0.152529351726 1 1
-0.816028419112 0.792699334606 1 1
0.717687964585 0.264673468738 1 1
-0.703390176776 -0.482435982912 1 1
0.333713648436 0.602575880637 1 1
-0.312913473227 -0.429106792166 1 1
0.197078168675 0.126129738231 1 1
-0.623989287603 -0.00749587691858 1 1
-0.371929487089 0.69452431054 1 1
-0.768225887447 0.537043954974 1 1
0.0263780204245 0.33809241917 1 1
-0.186949904047 -0.365677304989 1 1
0.382380032372 0.249536598432 1 1
0.84439943554 -0.0139954601494 1 1
-0.837394184145 0.361035502439 1 1
-0.167032800486 0.661050294444 1 1
0.722522424315 0.533101796337 1 1
-0.550975131752 -0.0008487448143 1 1
-0.651676779048 0.569267350203 1 1
-0.843525764275 0.676969048772 1 1
0.267104871936 0.539749754818 1 1
0.801641806689 0.474958006551 1 1
-0.566603841794 0.230493457787 1 1
-0.335578281189 0.529639878008 1 1
-0.845159096235 0.116881249675 1 1
0.666233522224 0.0546032033657 1 1
0.485070703269 -0.0619172984784 1 1
-0.45483032193 0.235069418031 1 1
-0.523154444567 0.358581832784 1 1
-0.0568571443311 0.189472799316 1 1
-0.578997354059 0.354186744808 1 1
0.816475360276 0.54126091638 1 1
-0.926243295631 -0.323793693686 1 1
0.863860314134 -0.0916615713894 1 1
0.124412716715 -0.0501536235652 1 1
0.835303403514 0.160978715816 1 1
-0.237946851429 0.224689799582 1 1
-0.425043441387 -0.0678152751814 1 1
0.663455987191 0.524341117801 1 1
-0.0307739456084 0.384397482989 1 1
-0.605563403264 0.101591640855 1 1
-0.957959507666 0.678371475117 1 1
-0.874964361784 -0.494764939509 1 1
-0.731900762428 0.998630083132 1 1
0.947287052279 0.868834397677 1 1
-0.195715675339 0.148968029356 1 1
0.367984487163 0.561586319003 1 1
0.388478726777 -0.30692161166 1 1
0.557341347938 0.969524419152 1 1
-0.834629199275 0.317347239311 1 1
-0.290691970395 0.0242745403581 1 1
0.253185567395 0.815727010948 1 1
-0.6428568026 0.865927725137 1 1
0.364985272851 0.417901038018 1 1
0.561946293929 0.161220953356 1 1
-0.675288568334 0.457886118021 1 1
-0.165359146132 0.119415191485 1 1
0.899246769999 0.765801416419 1 1
-0.805349624924 0.155555947219 1 1
-0.132313168183 -0.370440816298 1 1
0.883704275979 0.496115859453 1 1
-0.663761947045 0.302432172203 1 1
-0.774345091926 -0.259135896359 1 1
0.756426043502 0.999190982656 1 1
-0.313202352778 0.980114919319 1 1
0.64341421921 0.929582630387 1 1
0.891114777183 0.799752545814 1 1
0.854250135611 0.796198023038 1 1
0.13681377569 -0.118907925404 1 1
0.410238258636 0.176418016596 1 1
0.812559334917 0.291141975763 1 1
-0.718571083131 -0.380594788083 1 1
-0.766179881573 -0.118744499921 1 1
-0.793356950504 0.498335524317 1 1
-0.731890897424 -0.221135240842 1 1
-0.850144499938 -0.0945423768702 1 1
-0.702800861251 0.87241248017 1 1
-0.173918823571 0.65018506391 1 1
-0.687966163098 -0.111534884065 1 1
0.734430145365 0.200912742847 1 1
-0.811353687812 -0.167844384399 1 1
0.0639516906878 0.745110946519 1 1
-0.112102092218 -0.00732818325862 1 1
-0.305619106264 -0.396727790724 1 1
0.387918021121 0.541946339846 1 1
0.22865245284 0.327225228364 1 1
-0.544689962682 -0.384578589483 1 1
0.871343957871 0.113091029001 1 1
0.364041201101 -0.279789400506 1 1
0.418662162944 0.790444704974 1 1
-0.532948319384 0.704938112647 1 1
0.590833032713 0.648049113799 1 1
0.0390362096349 0.670756554443 1 1
0.664018905278 0.0707341191159 1 1
-0.322971708354 0.736475439619 1 1
0.648498722253 0.095487147976 1 1
-0.918199105356 0.686439574182 1 1
-0.593299601068 0.955834792782 1 1
-0.242022787359 -0.203614235108 1 1
0.0223786000096 -0.0439869486368 1 1
-0.172988894271 -0.263210493988 1 1
0.455634892347 -0.128778057219 1 1
0.247614491062 0.997435838955 1 1
-0.852283483333 -0.188200934809 1 1
-0.955717747531 0.000904795912875 1 1
0.314154605626 -0.102339589537 1 1
0.278841641613 -0.227449452241 1 1
0.604892859099 0.239550992892 1 1
-0.119611884791 -0.0239833792373 1 1
0.0313911304686 -0.354204155661 1 1
0.072199067031 0.735113553667 1 1
-0.156659288615 -0.243800604673 1 1
0.258037510549 0.364300440092 1 1
0.419401677099 0.87016959267 1 1
-0.985888489941 0.543361584699 1 1
-0.220010396763 0.406619244538 1 1
-0.481310277601 -0.313930154157 1 1
0.813259302115 0.589157845823 1 1
0.32465887869 0.706156104796 1 1
0.486369619714 0.657708634033 1 1
-0.915491359932 -0.690536206103 1 1
-0.292992420889 0.531508145326 1 1
-0.401100348774 0.317196724613 1 1
-0.478624322259 -0.424933973138 1 1
-0.319967059308 0.655713117055 1 1
0.464701129009 0.932173986203 1 1
0.781441576037 0.988288865113 1 1
-0.884229813496 0.334481114428 1 1
-0.57996350452 0.178059543038 1 1
-0.536932454135 0.611674296043 1 1
0.27454993919 -0.183697768631 1 1
0.291471765239 0.274462824978 1 1
0.310862044066 0.342527996519 1 1
-0.320720139589 0.253508482954 1 1
-0.913699779753 0.0932812886344 1 1
-0.985068303256 0.556222285024 1 1
0.7390273681 0.963572534779 1 1
-0.00295492045314 0.836115396994 1 1
0.319990449646 0.789055026896 1 1
0.248242136077 0.518932110291 1 1
0.715668786522 0.38477257014 1 1
0.841423938612 0.488570877004 1 1
0.681555070454 0.0717190168089 1 1
0.701453777267 0.216436256832 1 1
-0.197432687892 0.341644069385 1 1
0.189696379154 -0.257691943057 1 1
-0.349832780476 0.67616988274 1 1
-0.772742219662 -0.402467489109 1 1
-0.775185860438 0.967859298999 1 1
0.0740507437077 0.514385306049 1 1
-0.723053491248 -0.291605978035 1 1
-0.925173076682 0.119615239796 1 1
0.0393584427687 0.263504179035 1 1
-0.964462188546 0.0443888952524 1 1
0.705350894513 0.583712907374 1 1
0.244779121291 0.947215100552 1 1
0.314355240641 0.0129138421611 1 1
-0.529558229672 0.791165306034 1 1
-0.267239015728 0.107090364914 1 1
0.042970493128 -0.409581905559 1 1
0.465266066656 -0.0630347481695 1 1
0.00991399560288 -0.0165227550148 1 1
-0.778046141678 -0.516140816464 1 1
0.38229641488 0.00408428717311 1 1
-0.0338822068264 0.0107846740114 1 1
0.407350012123 0.476696793864 1 1
0.109881778371 0.314001615423 1 1
0.535726205938 0.266052095709 1 1
-0.32177644593 0.0187352497095 1 1
-0.112252023933 -0.37539372432 1 1
0.47338878995 0.948420866431 1 1
0.401914959911 0.201620773508 1 1
0.841987626695 0.537798566528 1 1
0.855304499471 0.636616699919 1 1
0.363218644323 0.80991282749 1 1
-0.881665530684 0.523388062629 1 1
-0.574876442388 -0.439847603417 1 1
-0.804863737055 0.134304521981 1 1
-0.972126014407 0.635025591361 1 1
-0.0640393975579 -0.0462472395729 1 1
-0.221918749942 0.614187936844 1 1
-0.475042500713 -0.0523751916171 1 1
-0.0111592547309 0.351904897735 1 1
0.12409879083 0.505585096133 1 1
-0.934419323169 -0.048290055884 1 1
-0.503111465185 0.908367891457 1 1
0.694654093498 0.766957873882 1 1
-0.0781859104724 0.143727141228 1 1
-0.769280703411 0.87662278541 1 1
0.00891029848625 0.330834732941 1 1
0.596181116705 0.24486420247 1 1
-0.261555866641 0.89594110831 1 1
-0.194150044266 0.672577176848 1 1
-0.416908465077 0.0223793737595 1 1
0.809275180004 0.412861490718 1 1
0.529493091759 -0.09215851275 1 1
-0.982519768081 0.230820705404 1 1
0.14869458716 0.922152956075 1 1
0.120084133558 0.695387781702 1 1
0.658964828142 0.588604006015 1 1
0.46994261533 0.547141426909 1 1
0.769917924158 -0.180641043795 1 1
-0.7576466814 0.988468968593 1 1
-0.534906416179 -0.44238919723 1 1
0.246271897151 0.773737377918 1 1
0.831243570065 0.795117729125 1 1
-0.667767448305 0.0657081208279 1 1
-0.407735583172 -0.174491934469 1 1
-0.639557369626 0.593769042716 1 1
-0.327813098793 0.73540804443 1 1
0.0829673674165 0.487892559662 1 1
-0.81955519097 0.74072302639 1 1
-0.857964993148 -0.394502603426 1 1
0.792309253771 -0.106271174243 1 1
-0.997059402806 -0.487878895347 1 1
0.628185589354 -0.198673973789 1 1
-0.17050857734 0.610834243144 1 1
-0.159444518578 -0.248357850813 1 1
-0.773591910268 0.58523583507 1 1
-0.317588381602 0.441402708077 1 1
-0.758445571067 -0.167693723894 1 1
0.874311166183 0.517327371184 1 1
0.74362698656 0.648190082552 1 1
-0.234821473859 0.531685149716 1 1
-0.734333397892 0.637325467864 1 1
0.291078097235 0.0956351232851 1 1
-0.942802854672 -0.562332893127 1 1
0.200635354405 0.104160097768 1 1
0.00652866368017 -0.184801815819 1 1
0.758146923211 0.108798938029 1 1
0.100308887754 0.5724552162 1 1
0.584028144217 0.817226470742 1 1
-0.821036907974 -0.560949829425 1 1
0.106128805545 0.681645891084 1 1
0.26514603904 -0.096673096449 1 1
-0.684377682092 0.539039416673 1 1
0.667409186015 0.105167919981 1 1
0.651754484359 -0.0865792615531 1 1
0.251584786272 0.705464114531 1 1
0.594776155035 0.740021094097 1 1
0.217954963444 0.0367738400256 1 1
-0.727377626553 0.946381612699 1 1
-0.980574273925 0.300706025711 1 1
-0.0129830185762 -0.392241185262 1 1
