0 0.618851316813
1 0.616905194228
2 0.615758958157
3 0.614928493529
4 0.614226998723
5 0.613578647685
6 0.612951011177
7 0.612329940437
8 0.611709584252
9 0.611088070069
10 0.610465473225
11 0.609842791226
12 0.609221394618
13 0.608602719273
14 0.607988088546
15 0.607378609897
16 0.606775117251
17 0.606178143423
18 0.605587913393
19 0.605004352403
20 0.604427104512
21 0.603855558192
22 0.603288876153
23 0.602726027151
24 0.602165817964
25 0.601606924199
26 0.601047918964
27 0.6004872988
28 0.599923506566
29 0.599354951168
30 0.598780024225
31 0.598197113848
32 0.597604615802
33 0.597000942335
34 0.596384528993
35 0.5957538397
36 0.595107370411
37 0.594443651554
38 0.593761249529
39 0.593058767434
40 0.592334845213
41 0.591588159366
42 0.59081742237
43 0.590021381918
44 0.58919882008
45 0.588348552498
46 0.587469427675
47 0.586560326456
48 0.585620161772
49 0.584647878704
50 0.583642454943
51 0.582602901698
52 0.581528265114
53 0.580417628237
54 0.579270113582
55 0.578084886335
56 0.57686115822
57 0.575598192051
58 0.574295306972
59 0.572951884401
60 0.571567374639
61 0.570141304127
62 0.568673283306
63 0.567163015
64 0.565610303248
65 0.564015062481
66 0.5623773269
67 0.560697259922
68 0.558975163523
69 0.557211487273
70 0.555406836871
71 0.553561981953
72 0.551677862937
73 0.549755596673
74 0.547796480654
75 0.545801995568
76 0.543773805976
77 0.541713758926
78 0.539623880349
79 0.53750636913
80 0.535363588779
81 0.533198056704
82 0.531012431126
83 0.528809495751
84 0.526592142386
85 0.524363351707
86 0.522126172502
87 0.519883699706
88 0.517639051606
89 0.515395346636
90 0.513155680154
91 0.510923101645
92 0.50870059273
93 0.506491046375
94 0.504297247631
95 0.502121856203
96 0.499967391075
97 0.497836217385
98 0.495730535643
99 0.493652373364
100 0.491603579105
101 0.489585818838
102 0.487600574565
103 0.485649145011
104 0.483732648235
105 0.481852025933
106 0.480008049229
107 0.47820132572
108 0.476432307552
109 0.474701300295
110 0.473008472424
111 0.471353865183
112 0.469737402678
113 0.468158902019
114 0.466618083386
115 0.465114579882
116 0.463647947092
117 0.46221767226
118 0.46082318301
119 0.459463855589
120 0.458139022581
121 0.456847980078
122 0.455589994309
123 0.454364307717
124 0.453170144504
125 0.452006715649
126 0.450873223431
127 0.449768865476
128 0.44869283835
129 0.447644340735
130 0.446622576212
131 0.445626755685
132 0.444656099464
133 0.443709839059
134 0.442787218676
135 0.441887496484
136 0.441009945643
137 0.440153855134
138 0.439318530409
139 0.438503293881
140 0.43770748527
141 0.436930461832
142 0.436171598466
143 0.435430287743
144 0.434705939839
145 0.433997982405
146 0.433305860376
147 0.432629035728
148 0.431966987196
149 0.431319209951
150 0.430685215254
151 0.430064530087
152 0.42945669676
153 0.42886127251
154 0.428277829093
155 0.427705952361
156 0.427145241841
157 0.426595310312
158 0.426055783386
159 0.425526299082
160 0.425006507417
161 0.42449606999
162 0.423994659584
163 0.423501959764
164 0.423017664492
165 0.422541477743
166 0.422073113136
167 0.421612293569
168 0.421158750865
169 0.420712225428
170 0.420272465907
171 0.41983922887
172 0.419412278485
173 0.418991386214
174 0.418576330513
175 0.418166896542
176 0.417762875882
177 0.417364066263
178 0.416970271298
179 0.416581300227
180 0.416196967669
181 0.415817093378
182 0.41544150201
183 0.415070022901
184 0.414702489842
185 0.414338740869
186 0.413978618062
187 0.413621967339
188 0.413268638271
189 0.412918483893
190 0.412571360526
191 0.412227127605
192 0.411885647511
193 0.411546785412
194 0.411210409109
195 0.410876388884
196 0.410544597361
197 0.410214909369
198 0.409887201807
199 0.409561353526
200 0.408914759225
201 0.408593779596
202 0.408274191819
203 0.407955882806
204 0.407638740791
205 0.407322655238
206 0.407007516774
207 0.406693217107
208 0.406379648966
209 0.406066706041
210 0.405754282929
211 0.405442275091
212 0.40513057881
213 0.404819091157
214 0.404507709973
215 0.404196333843
216 0.403884862091
217 0.403573194772
218 0.403261232683
219 0.402948877368
220 0.402636031145
221 0.40232259713
222 0.402008479279
223 0.401693582426
224 0.401377812342
225 0.401061075796
226 0.400743280625
227 0.400424335813
228 0.400104151579
229 0.399782639474
230 0.399459712482
231 0.399135285134
232 0.39880927363
233 0.398481595961
234 0.398152172046
235 0.397820923874
236 0.397487775645
237 0.397152653925
238 0.396815487803
239 0.396476209042
240 0.39613475225
241 0.395791055034
242 0.395445058166
243 0.395096705745
244 0.394745945352
245 0.394392728209
246 0.394037009319
247 0.393678747618
248 0.393317906096
249 0.392954451924
250 0.392588356562
251 0.392219595849
252 0.391848150083
253 0.39147400408
254 0.39109714721
255 0.39071757342
256 0.390335281224
257 0.389950273673
258 0.389562558302
259 0.389172147045
260 0.388779056121
261 0.388383305898
262 0.387984920718
263 0.387583928696
264 0.387180361493
265 0.386774254046
266 0.386365644278
267 0.385954572775
268 0.385541082424
269 0.385125218033
270 0.384707025912
271 0.384286553431
272 0.38386384854
273 0.383438959273
274 0.383011933212
275 0.382582816931
276 0.382151655409
277 0.381718491412
278 0.381283364854
279 0.380846312121
280 0.380407365367
281 0.37996655178
282 0.379523892813
283 0.379079403373
284 0.378633090975
285 0.378184954853
286 0.377734985015
287 0.377283161252
288 0.376829452078
289 0.376373813608
290 0.375916188357
291 0.375456503949
292 0.374994671733
293 0.374530585284
294 0.374064118782
295 0.373595125246
296 0.373123434608
297 0.372648851604
298 0.372171153462
299 0.371690087346
300 0.371205367544
301 0.370716672343
302 0.370223640571
303 0.369725867736
304 0.369222901728
305 0.368714238007
306 0.368199314223
307 0.367677504166
308 0.367148110971
309 0.366610359465
310 0.366063387534
311 0.365506236372
312 0.364937839451
313 0.364357010041
314 0.363762427051
315 0.363152618985
316 0.362525945726
317 0.361880577859
318 0.361214473206
319 0.360525350196
320 0.359810657678
321 0.359067540761
322 0.358292802219
323 0.357482859056
324 0.356633693802
325 0.355740800239
326 0.354799123404
327 0.353802993942
328 0.352746057344
329 0.351621199187
330 0.350420468419
331 0.349135002022
332 0.347754956166
333 0.346269451401
334 0.344666542538
335 0.342933227789
336 0.341055516344
337 0.339018578449
338 0.33680700658
339 0.334405218883
340 0.331798034404
341 0.328971440589
342 0.32591355298
343 0.322615731718
344 0.319073768419
345 0.315288995291
346 0.31126911023
347 0.307028481235
348 0.302587719658
349 0.297972414891
350 0.293211097131
351 0.288332696856
352 0.283363928711
353 0.278327076519
354 0.273238568842
355 0.26810854233
356 0.262941364838
357 0.257736906181
358 0.252492245266
359 0.247203492479
360 0.241867460905
361 0.236483005742
362 0.231051939441
363 0.225579503876
364 0.220074434099
365 0.214548681525
366 0.209016881497
367 0.203495655017
368 0.198002830307
369 0.192556659514
370 0.187175091318
371 0.181875143471
372 0.176672402232
373 0.171580659868
374 0.166611688077
375 0.161775135195
376 0.157078528506
377 0.152527359752
378 0.148125231404
379 0.143874042772
380 0.139774197834
381 0.135824820065
382 0.132023963092
383 0.128368809311
384 0.124855851412
385 0.121481054113
386 0.118239995117
387 0.115127985617
388 0.112140171477
389 0.109271616768
390 0.10651737156
391 0.103872525974
392 0.10133225243
393 0.098891837909
394 0.0965467078794
395 0.0942924433464
396 0.0921247922953
397 0.0900396766173
398 0.0880331954371
399 0.0861016256155
400 0.0824492043916
401 0.0807217723318
402 0.0790560802597
403 0.0774492411136
404 0.0758985179188
405 0.0744013170959
406 0.0729551816866
407 0.0715577846032
408 0.0702069219788
409 0.0689005066783
410 0.0676365620125
411 0.0664132156845
412 0.0652286939879
413 0.0640813162686
414 0.0629694896544
415 0.0618917040542
416 0.0608465274215
417 0.0598326012786
418 0.0588486364921
419 0.0578934092905
420 0.0569657575146
421 0.0560645770897
422 0.0551888187074
423 0.0543374847088
424 0.0535096261543
425 0.0527043400737
426 0.0519207668822
427 0.0511580879555
428 0.0504155233521
429 0.0496923296755
430 0.0489877980661
431 0.0483012523164
432 0.0476320470992
433 0.0469795663047
434 0.0463432214769
435 0.0457224503443
436 0.0451167154387
437 0.0445255027958
438 0.0439483207335
439 0.0433846987019
440 0.0428341862006
441 0.0422963517593
442 0.041770781978
443 0.0412570806213
444 0.0407548677661
445 0.0402637789969
446 0.0397834646465
447 0.0393135890801
448 0.038853830019
449 0.0384038779015
450 0.0379634352799
451 0.0375322162494
452 0.0371099459091
453 0.0366963598513
454 0.036291203679
455 0.0358942325481
456 0.0355052107347
457 0.0351239112249
458 0.0347501153256
459 0.0343836122962
460 0.0340241989984
461 0.0336716795649
462 0.0333258650839
463 0.0329865733001
464 0.0326536283306
465 0.0323268603949
466 0.0320061055583
467 0.0316912054874
468 0.0313820072184
469 0.0310783629356
470 0.0307801297614
471 0.030487169556
472 0.0301993487263
473 0.029916538044
474 0.0296386124726
475 0.029365451002
476 0.0290969364904
477 0.0288329555147
478 0.0285733982258
479 0.0283181582126
480 0.0280671323701
481 0.0278202207751
482 0.027577326566
483 0.0273383558289
484 0.0271032174881
485 0.0268718232017
486 0.0266440872617
487 0.0264199264977
488 0.0261992601859
489 0.0259820099612
490 0.0257680997328
491 0.025557455604
492 0.0253500057948
493 0.0251456805681
494 0.0249444121584
495 0.0247461347042
496 0.0245507841823
497 0.0243582983452
498 0.0241686166611
499 0.023981680256
500 0.0237974318582
501 0.0236158157452
502 0.0234367776922
503 0.0232602649232
504 0.0230862260633
505 0.0229146110936
506 0.0227453713073
507 0.0225784592675
508 0.0224138287667
509 0.0222514347881
510 0.0220912334677
511 0.0219331820584
512 0.0217772388951
513 0.0216233633613
514 0.0214715158567
515 0.0213216577659
516 0.021173751429
517 0.0210277601118
518 0.0208836479787
519 0.0207413800654
520 0.0206009222529
521 0.0204622412427
522 0.0203253045325
523 0.0201900803929
524 0.0200565378449
525 0.019924646638
526 0.0197943772294
527 0.0196657007637
528 0.0195385890531
529 0.0194130145588
530 0.0192889503722
531 0.0191663701978
532 0.0190452483355
533 0.0189255596645
534 0.0188072796271
535 0.0186903842131
536 0.0185748499453
537 0.0184606538642
538 0.0183477735148
539 0.0182361869326
540 0.0181258726303
541 0.0180168095856
542 0.0179089772283
543 0.0178023554286
544 0.0176969244856
545 0.0175926651162
546 0.0174895584436
547 0.0173875859876
548 0.0172867296539
549 0.0171869717242
550 0.0170882948469
551 0.0169906820273
552 0.0168941166193
553 0.0167985823158
554 0.0167040631408
555 0.0166105434411
556 0.0165180078777
557 0.0164264414191
558 0.0163358293326
559 0.0162461571779
560 0.0161574107994
561 0.0160695763195
562 0.0159826401321
563 0.0158965888957
564 0.0158114095272
565 0.0157270891959
566 0.0156436153175
567 0.0155609755481
568 0.0154791577785
569 0.015398150129
570 0.0153179409441
571 0.0152385187868
572 0.0151598724341
573 0.0150819908718
574 0.0150048632897
575 0.0149284790771
576 0.0148528278183
577 0.014777899288
578 0.014703683447
579 0.0146301704384
580 0.0145573505832
581 0.0144852143763
582 0.0144137524831
583 0.014342955735
584 0.0142728151266
585 0.0142033218114
586 0.014134467099
587 0.0140662424511
588 0.0139986394787
589 0.0139316499386
590 0.0138652657303
591 0.0137994788933
592 0.0137342816037
593 0.0136696661714
594 0.0136056250374
595 0.0135421507712
596 0.0134792360678
597 0.013416873745
598 0.0133550567415
599 0.0132937781136
600 0.0131728087858
601 0.0131131047671
602 0.013053912482
603 0.0129952255415
604 0.0129370376609
605 0.0128793426579
606 0.01282213445
607 0.0127654070531
608 0.0127091545792
609 0.0126533712345
610 0.0125980513177
611 0.0125431892182
612 0.0124887794141
613 0.0124348164706
614 0.0123812950383
615 0.0123282098517
616 0.0122755557272
617 0.012223327562
618 0.0121715203322
619 0.0121201290914
620 0.0120691489693
621 0.0120185751701
622 0.0119684029713
623 0.0119186277222
624 0.0118692448424
625 0.0118202498208
626 0.0117716382143
627 0.0117234056462
628 0.0116755478051
629 0.0116280604441
630 0.0115809393789
631 0.0115341804874
632 0.011487779708
633 0.0114417330389
634 0.0113960365365
635 0.0113506863151
636 0.0113056785451
637 0.0112610094526
638 0.011216675318
639 0.0111726724752
640 0.0111289973106
641 0.0110856462623
642 0.0110426158191
643 0.0109999025195
644 0.010957502951
645 0.0109154137491
646 0.0108736315967
647 0.0108321532231
648 0.010790975403
649 0.0107500949563
650 0.0107095087466
651 0.0106692136812
652 0.0106292067096
653 0.0105894848235
654 0.0105500450556
655 0.010510884479
656 0.0104720002066
657 0.0104333893905
658 0.0103950492212
659 0.0103569769269
660 0.0103191697733
661 0.0102816250623
662 0.0102443401321
663 0.010207312356
664 0.0101705391423
665 0.0101340179333
666 0.0100977462053
667 0.0100617214674
668 0.0100259412615
669 0.0099904031615
670 0.00995510477278
671 0.00992004373186
672 0.00988521770573
673 0.00985062439147
674 0.00981626151574
675 0.00978212683429
676 0.00974821813154
677 0.00971453322009
678 0.00968106994031
679 0.00964782615987
680 0.00961479977336
681 0.00958198870183
682 0.0095493908924
683 0.00951700431784
684 0.00948482697621
685 0.00945285689041
686 0.00942109210786
687 0.00938953070011
688 0.00935817076244
689 0.00932701041352
690 0.00929604779508
691 0.00926528107151
692 0.00923470842958
693 0.00920432807805
694 0.00917413824735
695 0.00914413718929
696 0.00911432317671
697 0.00908469450317
698 0.00905524948266
699 0.00902598644928
700 0.00899690375695
701 0.00896799977912
702 0.0089392729085
703 0.00891072155674
704 0.00888234415418
705 0.00885413914959
706 0.00882610500988
707 0.00879824021983
708 0.00877054328188
709 0.00874301271581
710 0.00871564705855
711 0.00868844486391
712 0.00866140470234
713 0.00863452516067
714 0.00860780484194
715 0.0085812423651
716 0.00855483636484
717 0.00852858549134
718 0.00850248841006
719 0.00847654380154
720 0.00845075036114
721 0.00842510679891
722 0.00839961183932
723 0.0083742642211
724 0.00834906269703
725 0.00832400603375
726 0.00829909301154
727 0.0082743224242
728 0.0082496930788
729 0.00822520379552
730 0.0082008534075
731 0.00817664076062
732 0.00815256471335
733 0.0081286241366
734 0.00810481791351
735 0.00808114493931
736 0.00805760412117
737 0.00803419437801
738 0.00801091464037
739 0.00798776385026
740 0.00796474096095
741 0.00794184493693
742 0.00791907475363
743 0.00789642939741
744 0.0078739078653
745 0.00785150916494
746 0.0078292323144
747 0.00780707634206
748 0.00778504028648
749 0.00776312319627
750 0.00774132412992
751 0.00771964215574
752 0.00769807635169
753 0.00767662580525
754 0.00765528961334
755 0.00763406688214
756 0.00761295672704
757 0.00759195827246
758 0.0075710706518
759 0.00755029300724
760 0.00752962448973
761 0.00750906425881
762 0.00748861148251
763 0.00746826533728
764 0.00744802500784
765 0.00742788968712
766 0.00740785857612
767 0.00738793088384
768 0.00736810582714
769 0.00734838263071
770 0.00732876052691
771 0.00730923875571
772 0.00728981656457
773 0.00727049320839
774 0.00725126794938
775 0.00723214005699
776 0.00721310880781
777 0.00719417348552
778 0.00717533338075
779 0.00715658779103
780 0.00713793602069
781 0.00711937738082
782 0.00710091118911
783 0.00708253676987
784 0.00706425345386
785 0.00704606057827
786 0.00702795748664
787 0.00700994352874
788 0.00699201806055
789 0.00697418044417
790 0.00695643004773
791 0.00693876624534
792 0.00692118841702
793 0.0069036959486
794 0.00688628823171
795 0.00686896466365
796 0.00685172464737
797 0.00683456759139
798 0.00681749290972
799 0.00680050002181
800 0.00676675733199
801 0.00675000639563
802 0.00673333498404
803 0.00671674254297
804 0.00670022852324
805 0.00668379238069
806 0.00666743357612
807 0.00665115157525
808 0.00663494584864
809 0.00661881587166
810 0.00660276112441
811 0.0065867810917
812 0.00657087526296
813 0.00655504313222
814 0.00653928419804
815 0.00652359796347
816 0.006507983936
817 0.00649244162749
818 0.00647697055416
819 0.00646157023652
820 0.0064462401993
821 0.00643097997145
822 0.00641578908607
823 0.00640066708036
824 0.00638561349559
825 0.00637062787704
826 0.00635570977396
827 0.00634085873954
828 0.00632607433087
829 0.00631135610885
830 0.00629670363823
831 0.0062821164875
832 0.00626759422887
833 0.00625313643825
834 0.0062387426952
835 0.00622441258285
836 0.00621014568794
837 0.00619594160073
838 0.00618179991495
839 0.00616772022782
840 0.00615370213996
841 0.00613974525537
842 0.00612584918142
843 0.00611201352877
844 0.00609823791138
845 0.00608452194644
846 0.00607086525435
847 0.0060572674587
848 0.00604372818621
849 0.00603024706673
850 0.00601682373317
851 0.0060034578215
852 0.00599014897072
853 0.00597689682279
854 0.00596370102263
855 0.00595056121811
856 0.00593747705996
857 0.00592444820181
858 0.00591147430011
859 0.00589855501411
860 0.00588569000585
861 0.00587287894013
862 0.00586012148446
863 0.00584741730905
864 0.00583476608678
865 0.00582216749318
866 0.00580962120639
867 0.00579712690714
868 0.00578468427871
869 0.00577229300696
870 0.00575995278021
871 0.00574766328932
872 0.00573542422758
873 0.00572323529072
874 0.00571109617692
875 0.0056990065867
876 0.005686966223
877 0.00567497479108
878 0.00566303199851
879 0.00565113755519
880 0.00563929117328
881 0.00562749256719
882 0.00561574145358
883 0.00560403755131
884 0.00559238058143
885 0.00558077026716
886 0.00556920633388
887 0.00555768850909
888 0.00554621652239
889 0.00553479010547
890 0.0055234089921
891 0.00551207291809
892 0.00550078162127
893 0.00548953484149
894 0.00547833232057
895 0.00546717380234
896 0.00545605903254
897 0.00544498775887
898 0.00543395973094
899 0.00542297470025
900 0.00541203242018
901 0.00540113264598
902 0.00539027513475
903 0.0053794596454
904 0.00536868593867
905 0.00535795377707
906 0.0053472629249
907 0.00533661314824
908 0.00532600421488
909 0.00531543589436
910 0.00530490795792
911 0.0052944201785
912 0.00528397233074
913 0.00527356419091
914 0.00526319553696
915 0.00525286614845
916 0.00524257580659
917 0.00523232429417
918 0.00522211139559
919 0.00521193689681
920 0.00520180058536
921 0.00519170225032
922 0.0051816416823
923 0.00517161867344
924 0.00516163301736
925 0.0051516845092
926 0.00514177294558
927 0.00513189812457
928 0.0051220598457
929 0.00511225790995
930 0.00510249211971
931 0.0050927622788
932 0.00508306819243
933 0.00507340966721
934 0.00506378651113
935 0.00505419853353
936 0.00504464554512
937 0.00503512735794
938 0.00502564378537
939 0.0050161946421
940 0.00500677974412
941 0.00499739890874
942 0.00498805195454
943 0.00497873870135
944 0.0049694589703
945 0.00496021258375
946 0.0049509993653
947 0.00494181913978
948 0.00493267173326
949 0.00492355697297
950 0.00491447468739
951 0.00490542470616
952 0.00489640686009
953 0.00488742098118
954 0.00487846690257
955 0.00486954445856
956 0.00486065348457
957 0.00485179381717
958 0.00484296529403
959 0.00483416775393
960 0.00482540103676
961 0.00481666498349
962 0.00480795943619
963 0.00479928423797
964 0.00479063923304
965 0.00478202426662
966 0.00477343918502
967 0.00476488383555
968 0.00475635806657
969 0.00474786172745
970 0.00473939466858
971 0.00473095674134
972 0.0047225477981
973 0.00471416769224
974 0.00470581627809
975 0.00469749341096
976 0.00468919894714
977 0.00468093274383
978 0.00467269465922
979 0.00466448455242
980 0.00465630228346
981 0.00464814771331
982 0.00464002070384
983 0.00463192111784
984 0.00462384881899
985 0.00461580367188
986 0.00460778554196
987 0.00459979429558
988 0.00459182979995
989 0.00458389192316
990 0.00457598053412
991 0.00456809550264
992 0.00456023669934
993 0.00455240399568
994 0.00454459726396
995 0.0045368163773
996 0.00452906120964
997 0.00452133163572
998 0.0045136275311
999 0.00450594877212
1000 0.00449066680044
1001 0.00448306334436
1002 0.00447548474716
1003 0.00446793088909
1004 0.00446040165115
1005 0.0044528969151
1006 0.00444541656344
1007 0.00443796047941
1008 0.00443052854701
1009 0.00442312065096
1010 0.00441573667668
1011 0.00440837651034
1012 0.00440104003882
1013 0.00439372714969
1014 0.00438643773126
1015 0.00437917167249
1016 0.00437192886307
1017 0.00436470919336
1018 0.0043575125544
1019 0.00435033883791
1020 0.00434318793628
1021 0.00433605974258
1022 0.00432895415053
1023 0.00432187105448
1024 0.00431481034948
1025 0.00430777193118
1026 0.00430075569591
1027 0.0042937615406
1028 0.00428678936285
1029 0.00427983906084
1030 0.00427291053342
1031 0.00426600368001
1032 0.00425911840069
1033 0.0042522545961
1034 0.00424541216752
1035 0.00423859101681
1036 0.00423179104643
1037 0.00422501215943
1038 0.00421825425943
1039 0.00421151725066
1040 0.00420480103791
1041 0.00419810552653
1042 0.00419143062246
1043 0.00418477623219
1044 0.00417814226277
1045 0.00417152862181
1046 0.00416493521748
1047 0.00415836195847
1048 0.00415180875404
1049 0.00414527551398
1050 0.0041387621486
1051 0.00413226856877
1052 0.00412579468587
1053 0.0041193404118
1054 0.00411290565898
1055 0.00410649034037
1056 0.0041000943694
1057 0.00409371766004
1058 0.00408736012676
1059 0.00408102168453
1060 0.0040747022488
1061 0.00406840173553
1062 0.00406212006117
1063 0.00405585714266
1064 0.00404961289741
1065 0.00404338724331
1066 0.00403718009874
1067 0.00403099138255
1068 0.00402482101405
1069 0.00401866891301
1070 0.00401253499968
1071 0.00400641919477
1072 0.00400032141942
1073 0.00399424159525
1074 0.00398817964433
1075 0.00398213548915
1076 0.00397610905266
1077 0.00397010025826
1078 0.00396410902977
1079 0.00395813529145
1080 0.00395217896799
1081 0.00394623998451
1082 0.00394031826655
1083 0.00393441374008
1084 0.00392852633148
1085 0.00392265596755
1086 0.0039168025755
1087 0.00391096608295
1088 0.00390514641793
1089 0.00389934350888
1090 0.00389355728462
1091 0.0038877876744
1092 0.00388203460785
1093 0.00387629801497
1094 0.0038705778262
1095 0.00386487397232
1096 0.00385918638453
1097 0.00385351499439
1098 0.00384785973384
1099 0.00384222053523
1100 0.00383659733123
1101 0.00383099005493
1102 0.00382539863977
1103 0.00381982301955
1104 0.00381426312845
1105 0.00380871890099
1106 0.00380319027208
1107 0.00379767717696
1108 0.00379217955124
1109 0.00378669733088
1110 0.00378123045218
1111 0.00377577885179
1112 0.00377034246672
1113 0.00376492123431
1114 0.00375951509224
1115 0.00375412397853
1116 0.00374874783154
1117 0.00374338658996
1118 0.0037380401928
1119 0.00373270857942
1120 0.0037273916895
1121 0.00372208946304
1122 0.00371680184036
1123 0.0037115287621
1124 0.00370627016924
1125 0.00370102600304
1126 0.00369579620511
1127 0.00369058071735
1128 0.00368537948197
1129 0.0036801924415
1130 0.00367501953877
1131 0.0036698607169
1132 0.00366471591934
1133 0.00365958508982
1134 0.00365446817236
1135 0.00364936511131
1136 0.00364427585127
1137 0.00363920033717
1138 0.00363413851421
1139 0.00362909032788
1140 0.00362405572395
1141 0.0036190346485
1142 0.00361402704787
1143 0.00360903286868
1144 0.00360405205784
1145 0.00359908456254
1146 0.00359413033023
1147 0.00358918930864
1148 0.00358426144577
1149 0.00357934668991
1150 0.00357444498958
1151 0.00356955629361
1152 0.00356468055106
1153 0.00355981771127
1154 0.00355496772383
1155 0.00355013053861
1156 0.00354530610572
1157 0.00354049437553
1158 0.00353569529867
1159 0.00353090882603
1160 0.00352613490872
1161 0.00352137349814
1162 0.00351662454592
1163 0.00351188800393
1164 0.00350716382429
1165 0.00350245195937
1166 0.00349775236179
1167 0.00349306498438
1168 0.00348838978024
1169 0.0034837267027
1170 0.00347907570531
1171 0.00347443674188
1172 0.00346980976643
1173 0.00346519473322
1174 0.00346059159676
1175 0.00345600031175
1176 0.00345142083315
1177 0.00344685311614
1178 0.0034422971161
1179 0.00343775278867
1180 0.00343322008969
1181 0.00342869897522
1182 0.00342418940155
1183 0.00341969132518
1184 0.00341520470282
1185 0.00341072949142
1186 0.00340626564811
1187 0.00340181313025
1188 0.00339737189543
1189 0.0033929419014
1190 0.00338852310618
1191 0.00338411546794
1192 0.00337971894509
1193 0.00337533349625
1194 0.00337095908021
1195 0.00336659565599
1196 0.00336224318281
1197 0.00335790162007
1198 0.00335357092739
1199 0.00334925106458
1200 0.00334064366878
1201 0.00333635605638
1202 0.00333207911503
1203 0.00332781280552
1204 0.0033235570888
1205 0.00331931192604
1206 0.00331507727857
1207 0.00331085310795
1208 0.00330663937587
1209 0.00330243604425
1210 0.00329824307517
1211 0.00329406043089
1212 0.00328988807388
1213 0.00328572596675
1214 0.00328157407233
1215 0.00327743235359
1216 0.0032733007737
1217 0.003269179296
1218 0.00326506788401
1219 0.00326096650141
1220 0.00325687511208
1221 0.00325279368004
1222 0.00324872216949
1223 0.00324466054482
1224 0.00324060877057
1225 0.00323656681146
1226 0.00323253463235
1227 0.00322851219829
1228 0.0032244994745
1229 0.00322049642634
1230 0.00321650301936
1231 0.00321251921925
1232 0.00320854499188
1233 0.00320458030325
1234 0.00320062511956
1235 0.00319667940714
1236 0.00319274313249
1237 0.00318881626225
1238 0.00318489876323
1239 0.0031809906024
1240 0.00317709174687
1241 0.00317320216391
1242 0.00316932182094
1243 0.00316545068552
1244 0.0031615887254
1245 0.00315773590842
1246 0.00315389220262
1247 0.00315005757617
1248 0.00314623199737
1249 0.00314241543468
1250 0.00313860785672
1251 0.00313480923223
1252 0.0031310195301
1253 0.00312723871937
1254 0.00312346676923
1255 0.00311970364898
1256 0.00311594932809
1257 0.00311220377616
1258 0.00310846696292
1259 0.00310473885825
1260 0.00310101943216
1261 0.0030973086548
1262 0.00309360649646
1263 0.00308991292755
1264 0.00308622791863
1265 0.00308255144039
1266 0.00307888346364
1267 0.00307522395933
1268 0.00307157289855
1269 0.00306793025251
1270 0.00306429599255
1271 0.00306067009014
1272 0.00305705251689
1273 0.00305344324451
1274 0.00304984224486
1275 0.00304624948992
1276 0.0030426649518
1277 0.00303908860273
1278 0.00303552041505
1279 0.00303196036124
1280 0.00302840841391
1281 0.00302486454577
1282 0.00302132872967
1283 0.00301780093857
1284 0.00301428114555
1285 0.00301076932381
1286 0.00300726544668
1287 0.00300376948759
1288 0.00300028142009
1289 0.00299680121787
1290 0.00299332885471
1291 0.00298986430451
1292 0.00298640754129
1293 0.00298295853918
1294 0.00297951727244
1295 0.00297608371541
1296 0.00297265784257
1297 0.0029692396285
1298 0.0029658290479
1299 0.00296242607557
1300 0.00295903068643
1301 0.00295564285549
1302 0.00295226255789
1303 0.00294888976887
1304 0.00294552446378
1305 0.00294216661807
1306 0.0029388162073
1307 0.00293547320714
1308 0.00293213759336
1309 0.00292880934184
1310 0.00292548842856
1311 0.0029221748296
1312 0.00291886852114
1313 0.00291556947949
1314 0.00291227768102
1315 0.00290899310223
1316 0.00290571571972
1317 0.00290244551018
1318 0.00289918245039
1319 0.00289592651726
1320 0.00289267768777
1321 0.00288943593902
1322 0.00288620124818
1323 0.00288297359255
1324 0.0028797529495
1325 0.00287653929652
1326 0.00287333261116
1327 0.00287013287111
1328 0.00286694005411
1329 0.00286375413803
1330 0.00286057510082
1331 0.00285740292052
1332 0.00285423757525
1333 0.00285107904326
1334 0.00284792730286
1335 0.00284478233245
1336 0.00284164411054
1337 0.00283851261573
1338 0.00283538782668
1339 0.00283226972217
1340 0.00282915828106
1341 0.00282605348229
1342 0.0028229553049
1343 0.00281986372801
1344 0.00281677873083
1345 0.00281370029265
1346 0.00281062839286
1347 0.00280756301093
1348 0.0028045041264
1349 0.00280145171891
1350 0.00279840576819
1351 0.00279536625404
1352 0.00279233315635
1353 0.00278930645508
1354 0.00278628613031
1355 0.00278327216215
1356 0.00278026453083
1357 0.00277726321665
1358 0.00277426819999
1359 0.00277127946131
1360 0.00276829698115
1361 0.00276532074013
1362 0.00276235071895
1363 0.0027593868984
1364 0.00275642925932
1365 0.00275347778266
1366 0.00275053244942
1367 0.0027475932407
1368 0.00274466013767
1369 0.00274173312156
1370 0.00273881217371
1371 0.00273589727549
1372 0.00273298840839
1373 0.00273008555396
1374 0.0027271886938
1375 0.00272429780962
1376 0.00272141288319
1377 0.00271853389634
1378 0.002715660831
1379 0.00271279366914
1380 0.00270993239284
1381 0.00270707698423
1382 0.0027042274255
1383 0.00270138369893
1384 0.00269854578687
1385 0.00269571367175
1386 0.00269288733603
1387 0.00269006676229
1388 0.00268725193314
1389 0.00268444283129
1390 0.0026816394395
1391 0.0026788417406
1392 0.0026760497175
1393 0.00267326335316
1394 0.00267048263062
1395 0.00266770753298
1396 0.00266493804342
1397 0.00266217414518
1398 0.00265941582155
1399 0.0026566630559
1400 0.00265117413238
1401 0.00264843794157
1402 0.00264570724287
1403 0.00264298201999
1404 0.00264026225667
1405 0.00263754793675
1406 0.0026348390441
1407 0.00263213556268
1408 0.0026294374765
1409 0.00262674476962
1410 0.00262405742619
1411 0.0026213754304
1412 0.00261869876652
1413 0.00261602741885
1414 0.00261336137178
1415 0.00261070060976
1416 0.00260804511729
1417 0.00260539487892
1418 0.00260274987929
1419 0.00260011010306
1420 0.00259747553499
1421 0.00259484615986
1422 0.00259222196255
1423 0.00258960292796
1424 0.00258698904108
1425 0.00258438028692
1426 0.00258177665059
1427 0.00257917811722
1428 0.00257658467203
1429 0.00257399630028
1430 0.00257141298727
1431 0.00256883471839
1432 0.00256626147906
1433 0.00256369325477
1434 0.00256113003106
1435 0.00255857179352
1436 0.00255601852781
1437 0.00255347021962
1438 0.00255092685472
1439 0.00254838841893
1440 0.0025458548981
1441 0.00254332627815
1442 0.00254080254507
1443 0.00253828368488
1444 0.00253576968365
1445 0.00253326052753
1446 0.00253075620269
1447 0.00252825669537
1448 0.00252576199186
1449 0.0025232720785
1450 0.00252078694168
1451 0.00251830656784
1452 0.00251583094348
1453 0.00251336005514
1454 0.00251089388941
1455 0.00250843243294
1456 0.00250597567242
1457 0.0025035235946
1458 0.00250107618627
1459 0.00249863343428
1460 0.00249619532551
1461 0.0024937618469
1462 0.00249133298545
1463 0.00248890872819
1464 0.00248648906221
1465 0.00248407397463
1466 0.00248166345265
1467 0.00247925748349
1468 0.00247685605442
1469 0.00247445915277
1470 0.00247206676591
1471 0.00246967888125
1472 0.00246729548626
1473 0.00246491656844
1474 0.00246254211535
1475 0.00246017211459
1476 0.00245780655381
1477 0.00245544542069
1478 0.00245308870297
1479 0.00245073638843
1480 0.0024483884649
1481 0.00244604492026
1482 0.0024437057424
1483 0.0024413709193
1484 0.00243904043895
1485 0.0024367142894
1486 0.00243439245874
1487 0.00243207493511
1488 0.00242976170667
1489 0.00242745276165
1490 0.00242514808831
1491 0.00242284767496
1492 0.00242055150994
1493 0.00241825958163
1494 0.00241597187848
1495 0.00241368838895
1496 0.00241140910155
1497 0.00240913400485
1498 0.00240686308744
1499 0.00240459633795
1500 0.00240233374506
1501 0.0024000752975
1502 0.00239782098403
1503 0.00239557079343
1504 0.00239332471456
1505 0.00239108273629
1506 0.00238884484754
1507 0.00238661103728
1508 0.00238438129449
1509 0.00238215560823
1510 0.00237993396756
1511 0.0023777163616
1512 0.0023755027795
1513 0.00237329321046
1514 0.00237108764372
1515 0.00236888606853
1516 0.00236668847421
1517 0.0023644948501
1518 0.00236230518559
1519 0.0023601194701
1520 0.00235793769308
1521 0.00235575984403
1522 0.00235358591248
1523 0.00235141588801
1524 0.00234924976021
1525 0.00234708751874
1526 0.00234492915326
1527 0.0023427746535
1528 0.0023406240092
1529 0.00233847721016
1530 0.00233633424619
1531 0.00233419510715
1532 0.00233205978295
1533 0.0023299282635
1534 0.00232780053877
1535 0.00232567659877
1536 0.00232355643352
1537 0.0023214400331
1538 0.0023193273876
1539 0.00231721848717
1540 0.00231511332198
1541 0.00231301188224
1542 0.00231091415818
1543 0.00230882014008
1544 0.00230672981824
1545 0.00230464318301
1546 0.00230256022477
1547 0.00230048093391
1548 0.00229840530089
1549 0.00229633331617
1550 0.00229426497026
1551 0.00229220025371
1552 0.00229013915707
1553 0.00228808167097
1554 0.00228602778602
1555 0.00228397749291
1556 0.00228193078233
1557 0.00227988764502
1558 0.00227784807173
1559 0.00227581205327
1560 0.00227377958046
1561 0.00227175064416
1562 0.00226972523526
1563 0.00226770334468
1564 0.00226568496337
1565 0.00226367008231
1566 0.00226165869252
1567 0.00225965078504
1568 0.00225764635095
1569 0.00225564538134
1570 0.00225364786735
1571 0.00225165380015
1572 0.00224966317093
1573 0.00224767597091
1574 0.00224569219135
1575 0.00224371182353
1576 0.00224173485876
1577 0.00223976128838
1578 0.00223779110377
1579 0.00223582429632
1580 0.00223386085747
1581 0.00223190077866
1582 0.00222994405139
1583 0.00222799066717
1584 0.00222604061754
1585 0.00222409389408
1586 0.00222215048838
1587 0.00222021039207
1588 0.00221827359681
1589 0.00221634009428
1590 0.00221440987619
1591 0.00221248293427
1592 0.0022105592603
1593 0.00220863884607
1594 0.0022067216834
1595 0.00220480776413
1596 0.00220289708015
1597 0.00220098962335
1598 0.00219908538566
1599 0.00219718435903
1600 0.00219339190694
1601 0.00219150046551
1602 0.00218961220323
1603 0.0021877271122
1604 0.00218584518451
1605 0.00218396641231
1606 0.00218209078778
1607 0.00218021830308
1608 0.00217834895045
1609 0.00217648272213
1610 0.00217461961037
1611 0.00217275960748
1612 0.00217090270577
1613 0.00216904889758
1614 0.00216719817529
1615 0.00216535053128
1616 0.00216350595797
1617 0.00216166444781
1618 0.00215982599326
1619 0.00215799058681
1620 0.00215615822097
1621 0.0021543288883
1622 0.00215250258135
1623 0.0021506792927
1624 0.00214885901498
1625 0.00214704174082
1626 0.00214522746288
1627 0.00214341617384
1628 0.0021416078664
1629 0.00213980253331
1630 0.00213800016732
1631 0.0021362007612
1632 0.00213440430775
1633 0.00213261079979
1634 0.00213082023019
1635 0.0021290325918
1636 0.00212724787751
1637 0.00212546608025
1638 0.00212368719295
1639 0.00212191120858
1640 0.00212013812011
1641 0.00211836792056
1642 0.00211660060295
1643 0.00211483616032
1644 0.00211307458577
1645 0.00211131587237
1646 0.00210956001325
1647 0.00210780700155
1648 0.00210605683042
1649 0.00210430949305
1650 0.00210256498264
1651 0.00210082329243
1652 0.00209908441564
1653 0.00209734834556
1654 0.00209561507547
1655 0.00209388459869
1656 0.00209215690854
1657 0.00209043199838
1658 0.00208870986158
1659 0.00208699049154
1660 0.00208527388168
1661 0.00208356002542
1662 0.00208184891623
1663 0.00208014054759
1664 0.00207843491299
1665 0.00207673200595
1666 0.00207503182001
1667 0.00207333434874
1668 0.0020716395857
1669 0.0020699475245
1670 0.00206825815875
1671 0.00206657148211
1672 0.00206488748822
1673 0.00206320617077
1674 0.00206152752345
1675 0.00205985153998
1676 0.0020581782141
1677 0.00205650753957
1678 0.00205483951017
1679 0.00205317411968
1680 0.00205151136193
1681 0.00204985123075
1682 0.00204819371999
1683 0.00204653882353
1684 0.00204488653526
1685 0.00204323684908
1686 0.00204158975893
1687 0.00203994525876
1688 0.00203830334253
1689 0.00203666400422
1690 0.00203502723785
1691 0.00203339303743
1692 0.002031761397
1693 0.00203013231062
1694 0.00202850577237
1695 0.00202688177635
1696 0.00202526031667
1697 0.00202364138745
1698 0.00202202498286
1699 0.00202041109705
1700 0.00201879972421
1701 0.00201719085854
1702 0.00201558449427
1703 0.00201398062563
1704 0.00201237924688
1705 0.00201078035229
1706 0.00200918393615
1707 0.00200758999278
1708 0.00200599851649
1709 0.00200440950162
1710 0.00200282294255
1711 0.00200123883363
1712 0.00199965716928
1713 0.0019980779439
1714 0.00199650115191
1715 0.00199492678776
1716 0.00199335484591
1717 0.00199178532085
1718 0.00199021820706
1719 0.00198865349906
1720 0.00198709119137
1721 0.00198553127854
1722 0.00198397375512
1723 0.00198241861571
1724 0.00198086585488
1725 0.00197931546725
1726 0.00197776744745
1727 0.00197622179011
1728 0.0019746784899
1729 0.00197313754148
1730 0.00197159893955
1731 0.00197006267882
1732 0.001968528754
1733 0.00196699715983
1734 0.00196546789106
1735 0.00196394094247
1736 0.00196241630884
1737 0.00196089398496
1738 0.00195937396565
1739 0.00195785624574
1740 0.00195634082008
1741 0.00195482768353
1742 0.00195331683097
1743 0.00195180825728
1744 0.00195030195737
1745 0.00194879792617
1746 0.00194729615861
1747 0.00194579664964
1748 0.00194429939423
1749 0.00194280438735
1750 0.00194131162402
1751 0.00193982109923
1752 0.00193833280802
1753 0.00193684674541
1754 0.00193536290648
1755 0.00193388128628
1756 0.0019324018799
1757 0.00193092468244
1758 0.00192944968901
1759 0.00192797689473
1760 0.00192650629476
1761 0.00192503788423
1762 0.00192357165833
1763 0.00192210761224
1764 0.00192064574115
1765 0.00191918604028
1766 0.00191772850485
1767 0.00191627313009
1768 0.00191481991127
1769 0.00191336884365
1770 0.00191191992252
1771 0.00191047314315
1772 0.00190902850087
1773 0.001907585991
1774 0.00190614560887
1775 0.00190470734982
1776 0.00190327120923
1777 0.00190183718247
1778 0.00190040526492
1779 0.00189897545199
1780 0.00189754773909
1781 0.00189612212165
1782 0.00189469859512
1783 0.00189327715495
1784 0.00189185779661
1785 0.00189044051558
1786 0.00188902530735
1787 0.00188761216743
1788 0.00188620109133
1789 0.00188479207461
1790 0.00188338511279
1791 0.00188198020143
1792 0.00188057733611
1793 0.00187917651242
1794 0.00187777772594
1795 0.00187638097229
1796 0.00187498624709
1797 0.00187359354596
1798 0.00187220286457
1799 0.00187081419856
1800 0.0018680428954
1801 0.00186666024962
1802 0.001865279602
1803 0.00186390094823
1804 0.00186252428406
1805 0.00186114960523
1806 0.0018597769075
1807 0.00185840618663
1808 0.00185703743841
1809 0.00185567065863
1810 0.00185430584309
1811 0.0018529429876
1812 0.001851582088
1813 0.00185022314013
1814 0.00184886613982
1815 0.00184751108296
1816 0.00184615796541
1817 0.00184480678306
1818 0.0018434575318
1819 0.00184211020755
1820 0.00184076480623
1821 0.00183942132376
1822 0.0018380797561
1823 0.00183674009919
1824 0.001835402349
1825 0.00183406650151
1826 0.0018327325527
1827 0.00183140049859
1828 0.00183007033517
1829 0.00182874205847
1830 0.00182741566453
1831 0.00182609114938
1832 0.00182476850908
1833 0.0018234477397
1834 0.00182212883732
1835 0.00182081179802
1836 0.0018194966179
1837 0.00181818329307
1838 0.00181687181966
1839 0.00181556219378
1840 0.00181425441159
1841 0.00181294846924
1842 0.00181164436289
1843 0.0018103420887
1844 0.00180904164288
1845 0.00180774302161
1846 0.00180644622109
1847 0.00180515123755
1848 0.0018038580672
1849 0.00180256670629
1850 0.00180127715107
1851 0.00179998939778
1852 0.00179870344269
1853 0.00179741928209
1854 0.00179613691226
1855 0.0017948563295
1856 0.00179357753012
1857 0.00179230051043
1858 0.00179102526676
1859 0.00178975179546
1860 0.00178848009286
1861 0.00178721015533
1862 0.00178594197924
1863 0.00178467556096
1864 0.00178341089689
1865 0.00178214798341
1866 0.00178088681694
1867 0.00177962739389
1868 0.0017783697107
1869 0.00177711376379
1870 0.00177585954961
1871 0.00177460706462
1872 0.00177335630529
1873 0.00177210726809
1874 0.0017708599495
1875 0.00176961434602
1876 0.00176837045415
1877 0.00176712827041
1878 0.00176588779131
1879 0.00176464901339
1880 0.0017634119332
1881 0.00176217654727
1882 0.00176094285217
1883 0.00175971084448
1884 0.00175848052075
1885 0.0017572518776
1886 0.0017560249116
1887 0.00175479961937
1888 0.00175357599752
1889 0.00175235404268
1890 0.00175113375147
1891 0.00174991512055
1892 0.00174869814655
1893 0.00174748282614
1894 0.001746269156
1895 0.00174505713278
1896 0.00174384675319
1897 0.00174263801392
1898 0.00174143091166
1899 0.00174022544315
1900 0.00173902160508
1901 0.0017378193942
1902 0.00173661880725
1903 0.00173541984097
1904 0.00173422249212
1905 0.00173302675745
1906 0.00173183263376
1907 0.00173064011781
1908 0.0017294492064
1909 0.00172825989633
1910 0.0017270721844
1911 0.00172588606743
1912 0.00172470154225
1913 0.00172351860568
1914 0.00172233725456
1915 0.00172115748576
1916 0.00171997929612
1917 0.0017188026825
1918 0.00171762764179
1919 0.00171645417087
1920 0.00171528226662
1921 0.00171411192594
1922 0.00171294314575
1923 0.00171177592295
1924 0.00171061025447
1925 0.00170944613723
1926 0.00170828356819
1927 0.00170712254427
1928 0.00170596306245
1929 0.00170480511968
1930 0.00170364871293
1931 0.00170249383918
1932 0.00170134049542
1933 0.00170018867864
1934 0.00169903838585
1935 0.00169788961404
1936 0.00169674236025
1937 0.0016955966215
1938 0.00169445239481
1939 0.00169330967723
1940 0.00169216846582
1941 0.00169102875761
1942 0.00168989054969
1943 0.00168875383911
1944 0.00168761862296
1945 0.00168648489833
1946 0.00168535266231
1947 0.00168422191199
1948 0.0016830926445
1949 0.00168196485694
1950 0.00168083854644
1951 0.00167971371013
1952 0.00167859034515
1953 0.00167746844864
1954 0.00167634801776
1955 0.00167522904967
1956 0.00167411154153
1957 0.00167299549052
1958 0.00167188089383
1959 0.00167076774864
1960 0.00166965605215
1961 0.00166854580157
1962 0.00166743699409
1963 0.00166632962695
1964 0.00166522369737
1965 0.00166411920258
1966 0.00166301613981
1967 0.00166191450633
1968 0.00166081429937
1969 0.0016597155162
1970 0.00165861815408
1971 0.0016575222103
1972 0.00165642768213
1973 0.00165533456686
1974 0.00165424286178
1975 0.0016531525642
1976 0.00165206367143
1977 0.00165097618078
1978 0.00164989008957
1979 0.00164880539514
1980 0.00164772209481
1981 0.00164664018593
1982 0.00164555966585
1983 0.00164448053193
1984 0.00164340278153
1985 0.00164232641201
1986 0.00164125142076
1987 0.00164017780516
1988 0.00163910556258
1989 0.00163803469044
1990 0.00163696518613
1991 0.00163589704707
1992 0.00163483027066
1993 0.00163376485432
1994 0.0016327007955
1995 0.00163163809161
1996 0.0016305767401
1997 0.00162951673843
1998 0.00162845808403
1999 0.00162740077438
